-4 -3.982456140350877 -3.9649122807017543 -3.9473684210526314 -3.9298245614035086 -3.912280701754386 -3.8947368421052633 -3.8771929824561404 -3.8596491228070176 -3.8421052631578947 -3.824561403508772 -3.807017543859649 -3.7894736842105265 -3.7719298245614037 -3.754385964912281 -3.736842105263158 -3.719298245614035 -3.7017543859649122 -3.6842105263157894 -3.6666666666666665 
-3.982456140350877 -3.8947368421052633 -3.8771929824561404 -3.8596491228070176 -3.8421052631578947 -3.824561403508772 -3.807017543859649 -3.7894736842105265 -3.7719298245614037 -3.754385964912281 -3.736842105263158 -3.719298245614035 -3.7017543859649122 -3.6842105263157894 -3.6666666666666665 -3.6491228070175437 -3.6315789473684212 -3.6140350877192984 -3.5964912280701755 -3.5789473684210527 
-3.9649122807017543 -3.8771929824561404 -3.7894736842105265 -3.7719298245614037 -3.754385964912281 -3.736842105263158 -3.719298245614035 -3.7017543859649122 -3.6842105263157894 -3.6666666666666665 -3.6491228070175437 -3.6315789473684212 -3.6140350877192984 -3.5964912280701755 -3.5789473684210527 -3.56140350877193 -3.543859649122807 -3.526315789473684 -3.5087719298245617 -3.4912280701754383 
-3.9473684210526314 -3.8596491228070176 -3.7719298245614037 -3.6842105263157894 -3.6666666666666665 -3.6491228070175437 -3.6315789473684212 -3.6140350877192984 -3.5964912280701755 -3.5789473684210527 -3.56140350877193 -3.543859649122807 -3.526315789473684 -3.5087719298245617 -3.4912280701754383 -3.473684210526316 -3.456140350877193 -3.43859649122807 -3.4210526315789473 -3.4035087719298245 
-3.9298245614035086 -3.8421052631578947 -3.754385964912281 -3.6666666666666665 -3.5789473684210527 -3.56140350877193 -3.543859649122807 -3.526315789473684 -3.5087719298245617 -3.4912280701754383 -3.473684210526316 -3.456140350877193 -3.43859649122807 -3.4210526315789473 -3.4035087719298245 -3.3859649122807016 -3.3684210526315788 -3.3508771929824563 -3.3333333333333335 -3.3157894736842106 
-3.912280701754386 -3.824561403508772 -3.736842105263158 -3.6491228070175437 -3.56140350877193 -3.473684210526316 -3.456140350877193 -3.43859649122807 -3.4210526315789473 -3.4035087719298245 -3.3859649122807016 -3.3684210526315788 -3.3508771929824563 -3.3333333333333335 -3.3157894736842106 -3.2982456140350878 -3.280701754385965 -3.263157894736842 -3.245614035087719 -3.2280701754385968 
-3.8947368421052633 -3.807017543859649 -3.719298245614035 -3.6315789473684212 -3.543859649122807 -3.456140350877193 -3.3684210526315788 -3.3508771929824563 -3.3333333333333335 -3.3157894736842106 -3.2982456140350878 -3.280701754385965 -3.263157894736842 -3.245614035087719 -3.2280701754385968 -3.2105263157894735 -3.192982456140351 -3.175438596491228 -3.1578947368421053 -3.1403508771929824 
-3.8771929824561404 -3.7894736842105265 -3.7017543859649122 -3.6140350877192984 -3.526315789473684 -3.43859649122807 -3.3508771929824563 -3.263157894736842 -3.245614035087719 -3.2280701754385968 -3.2105263157894735 -3.192982456140351 -3.175438596491228 -3.1578947368421053 -3.1403508771929824 -3.1228070175438596 -3.1052631578947367 -3.087719298245614 -3.0701754385964914 -3.0526315789473686 
-3.8596491228070176 -3.7719298245614037 -3.6842105263157894 -3.5964912280701755 -3.5087719298245617 -3.4210526315789473 -3.3333333333333335 -3.245614035087719 -3.1578947368421053 -3.1403508771929824 -3.1228070175438596 -3.1052631578947367 -3.087719298245614 -3.0701754385964914 -3.0526315789473686 -3.0350877192982457 -3.017543859649123 -3 -2.982456140350877 -2.9649122807017543 
-3.8421052631578947 -3.754385964912281 -3.6666666666666665 -3.5789473684210527 -3.4912280701754383 -3.4035087719298245 -3.3157894736842106 -3.2280701754385968 -3.1403508771929824 -3.0526315789473686 -3.0350877192982457 -3.017543859649123 -3 -2.982456140350877 -2.9649122807017543 -2.947368421052632 -2.9298245614035086 -2.912280701754386 -2.894736842105263 -2.8771929824561404 
-3.824561403508772 -3.736842105263158 -3.6491228070175437 -3.56140350877193 -3.473684210526316 -3.3859649122807016 -3.2982456140350878 -3.2105263157894735 -3.1228070175438596 -3.0350877192982457 -2.947368421052632 -2.9298245614035086 -2.912280701754386 -2.894736842105263 -2.8771929824561404 -2.8596491228070176 -2.8421052631578947 -2.824561403508772 -2.807017543859649 -2.7894736842105265 
-3.807017543859649 -3.719298245614035 -3.6315789473684212 -3.543859649122807 -3.456140350877193 -3.3684210526315788 -3.280701754385965 -3.192982456140351 -3.1052631578947367 -3.017543859649123 -2.9298245614035086 -2.8421052631578947 -2.824561403508772 -2.807017543859649 -2.7894736842105265 -2.7719298245614032 -2.754385964912281 -2.736842105263158 -2.719298245614035 -2.7017543859649122 
-3.7894736842105265 -3.7017543859649122 -3.6140350877192984 -3.526315789473684 -3.43859649122807 -3.3508771929824563 -3.263157894736842 -3.175438596491228 -3.087719298245614 -3 -2.912280701754386 -2.824561403508772 -2.736842105263158 -2.719298245614035 -2.7017543859649122 -2.6842105263157894 -2.666666666666667 -2.6491228070175437 -2.6315789473684212 -2.614035087719298 
-3.7719298245614037 -3.6842105263157894 -3.5964912280701755 -3.5087719298245617 -3.4210526315789473 -3.3333333333333335 -3.245614035087719 -3.1578947368421053 -3.0701754385964914 -2.982456140350877 -2.894736842105263 -2.807017543859649 -2.719298245614035 -2.6315789473684212 -2.614035087719298 -2.5964912280701755 -2.5789473684210527 -2.56140350877193 -2.543859649122807 -2.526315789473684 
-3.754385964912281 -3.6666666666666665 -3.5789473684210527 -3.4912280701754383 -3.4035087719298245 -3.3157894736842106 -3.2280701754385968 -3.1403508771929824 -3.0526315789473686 -2.9649122807017543 -2.8771929824561404 -2.7894736842105265 -2.7017543859649122 -2.614035087719298 -2.526315789473684 -2.5087719298245617 -2.4912280701754383 -2.473684210526316 -2.456140350877193 -2.43859649122807 
-3.736842105263158 -3.6491228070175437 -3.56140350877193 -3.473684210526316 -3.3859649122807016 -3.2982456140350878 -3.2105263157894735 -3.1228070175438596 -3.0350877192982457 -2.947368421052632 -2.8596491228070176 -2.7719298245614032 -2.6842105263157894 -2.5964912280701755 -2.5087719298245617 -2.4210526315789473 -2.4035087719298245 -2.385964912280702 -2.3684210526315788 -2.3508771929824563 
-3.719298245614035 -3.6315789473684212 -3.543859649122807 -3.456140350877193 -3.3684210526315788 -3.280701754385965 -3.192982456140351 -3.1052631578947367 -3.017543859649123 -2.9298245614035086 -2.8421052631578947 -2.754385964912281 -2.666666666666667 -2.5789473684210527 -2.4912280701754383 -2.4035087719298245 -2.3157894736842106 -2.2982456140350878 -2.280701754385965 -2.263157894736842 
-3.7017543859649122 -3.6140350877192984 -3.526315789473684 -3.43859649122807 -3.3508771929824563 -3.263157894736842 -3.175438596491228 -3.087719298245614 -3 -2.912280701754386 -2.824561403508772 -2.736842105263158 -2.6491228070175437 -2.56140350877193 -2.473684210526316 -2.385964912280702 -2.2982456140350878 -2.2105263157894735 -2.192982456140351 -2.175438596491228 
-3.6842105263157894 -3.5964912280701755 -3.5087719298245617 -3.4210526315789473 -3.3333333333333335 -3.245614035087719 -3.1578947368421053 -3.0701754385964914 -2.982456140350877 -2.894736842105263 -2.807017543859649 -2.719298245614035 -2.6315789473684212 -2.543859649122807 -2.456140350877193 -2.3684210526315788 -2.280701754385965 -2.192982456140351 -2.105263157894737 -2.087719298245614 
-3.6666666666666665 -3.5789473684210527 -3.4912280701754383 -3.4035087719298245 -3.3157894736842106 -3.2280701754385968 -3.1403508771929824 -3.0526315789473686 -2.9649122807017543 -2.8771929824561404 -2.7894736842105265 -2.7017543859649122 -2.614035087719298 -2.526315789473684 -2.43859649122807 -2.3508771929824563 -2.263157894736842 -2.175438596491228 -2.087719298245614 -2 
START: 1
energy: -48.219298245614034
end_to_end: 13.038404810405298
temperature: 20
rog: 808.7854244759129
END: 1
START: 2
energy: -48.219298245614034
end_to_end: 12.165525060596439
temperature: 20
rog: 767.3443239602498
END: 2
START: 3
energy: -48.219298245614034
end_to_end: 11.045361017187261
temperature: 20
rog: 814.8160367208108
END: 3
START: 4
energy: -51.92982456140351
end_to_end: 9.055385138137417
temperature: 20
rog: 783.8764025560321
END: 4
START: 5
energy: -48.219298245614034
end_to_end: 12
temperature: 20
rog: 793.322661059435
END: 5
START: 6
energy: -48.219298245614034
end_to_end: 12
temperature: 20
rog: 773.0791024938853
END: 6
START: 7
energy: -48.219298245614034
end_to_end: 10
temperature: 20
rog: 794.6764025560335
END: 7
START: 8
energy: -48.219298245614034
end_to_end: 9.055385138137417
temperature: 20
rog: 763.6172081998324
END: 8
START: 9
energy: -48.219298245614034
end_to_end: 10
temperature: 20
rog: 794.6764025560323
END: 9
START: 10
energy: -49.93859649122807
end_to_end: 10
temperature: 20
rog: 773.3749362051476
END: 10
START: 11
energy: -49.93859649122807
end_to_end: 9.055385138137417
temperature: 20
rog: 746.1491753452092
END: 11
START: 12
energy: -48.219298245614034
end_to_end: 10
temperature: 20
rog: 715.2329137328243
END: 12
START: 13
energy: -51.92982456140351
end_to_end: 10
temperature: 20
rog: 664.4496353878212
END: 13
START: 14
energy: -51.92982456140351
end_to_end: 9.055385138137417
temperature: 20
rog: 699.8893763178581
END: 14
START: 15
energy: -48.219298245614034
end_to_end: 10.198039027185569
temperature: 20
rog: 669.5193054132445
END: 15
START: 16
energy: -48.219298245614034
end_to_end: 10.198039027185569
temperature: 20
rog: 711.1855063253557
END: 16
START: 17
energy: -48.219298245614034
end_to_end: 10.198039027185569
temperature: 20
rog: 705.0920486551141
END: 17
START: 18
energy: -48.219298245614034
end_to_end: 9.486832980505138
temperature: 20
rog: 702.5587153217808
END: 18
START: 19
energy: -50.05263157894736
end_to_end: 9.486832980505138
temperature: 20
rog: 696.2466849142353
END: 19
START: 20
energy: -49.93859649122807
end_to_end: 7.0710678118654755
temperature: 20
rog: 702.2701016857358
END: 20
START: 21
energy: -51.8859649122807
end_to_end: 9.055385138137417
temperature: 20
rog: 750.6663821308802
END: 21
START: 22
energy: -48.219298245614034
end_to_end: 10
temperature: 20
rog: 722.1240673176047
END: 22
START: 23
energy: -48.219298245614034
end_to_end: 9.055385138137417
temperature: 20
rog: 694.9610173406609
END: 23
START: 24
energy: -51.7719298245614
end_to_end: 8
temperature: 20
rog: 708.1240807255085
END: 24
START: 25
energy: -52.07894736842105
end_to_end: 9.055385138137417
temperature: 20
rog: 694.9608276040686
END: 25
START: 26
energy: -53.82456140350877
end_to_end: 8
temperature: 20
rog: 685.0560713999992
END: 26
START: 27
energy: -48.219298245614034
end_to_end: 9.055385138137417
temperature: 20
rog: 697.5322496600121
END: 27
START: 28
energy: -48.219298245614034
end_to_end: 10
temperature: 20
rog: 696.0934550731068
END: 28
START: 29
energy: -49.93859649122807
end_to_end: 8
temperature: 20
rog: 677.522241429524
END: 29
START: 30
energy: -50.05263157894736
end_to_end: 9.055385138137417
temperature: 20
rog: 712.1138632363475
END: 30
START: 31
energy: -48.219298245614034
end_to_end: 8
temperature: 20
rog: 697.570325821406
END: 31
START: 32
energy: -49.93859649122806
end_to_end: 7.0710678118654755
temperature: 20
rog: 627.6832528685342
END: 32
START: 33
energy: -55.48245614035087
end_to_end: 7.0710678118654755
temperature: 20
rog: 635.5106788647922
END: 33
START: 34
energy: -55.18421052631579
end_to_end: 6.324555320336759
temperature: 20
rog: 639.0864485652555
END: 34
START: 35
energy: -53.35087719298245
end_to_end: 6.324555320336759
temperature: 20
rog: 624.5251334305432
END: 35
START: 36
energy: -49.719298245614034
end_to_end: 7.0710678118654755
temperature: 20
rog: 618.652187491771
END: 36
START: 37
energy: -49.719298245614034
end_to_end: 7.0710678118654755
temperature: 20
rog: 632.1671414498278
END: 37
START: 38
energy: -51.8157894736842
end_to_end: 7.0710678118654755
temperature: 20
rog: 667.5571193344621
END: 38
START: 39
energy: -53.622807017543856
end_to_end: 8
temperature: 20
rog: 678.0904526677953
END: 39
START: 40
energy: -53.63157894736841
end_to_end: 6.324555320336759
temperature: 20
rog: 687.253548598814
END: 40
START: 41
energy: -55.508771929824555
end_to_end: 4.47213595499958
temperature: 20
rog: 644.9061704346416
END: 41
START: 42
energy: -53.63157894736841
end_to_end: 4.47213595499958
temperature: 20
rog: 705.4335464631508
END: 42
START: 43
energy: -51.74561403508771
end_to_end: 7.0710678118654755
temperature: 20
rog: 726.8999726930402
END: 43
START: 44
energy: -51.7719298245614
end_to_end: 7.0710678118654755
temperature: 20
rog: 738.0733517540704
END: 44
START: 45
energy: -51.7719298245614
end_to_end: 7.0710678118654755
temperature: 20
rog: 721.273941711246
END: 45
START: 46
energy: -51.7719298245614
end_to_end: 8
temperature: 20
rog: 753.8654764938235
END: 46
START: 47
energy: -51.57894736842105
end_to_end: 8
temperature: 20
rog: 730.4359315051094
END: 47
START: 48
energy: -51.57894736842105
end_to_end: 8
temperature: 20
rog: 722.3793073070575
END: 48
START: 49
energy: -58.91228070175438
end_to_end: 8.246211251235321
temperature: 20
rog: 678.9477648373042
END: 49
START: 50
energy: -57.2719298245614
end_to_end: 7.0710678118654755
temperature: 20
rog: 679.5293128341693
END: 50
START: 51
energy: -51.92982456140351
end_to_end: 9.055385138137417
temperature: 20
rog: 674.9755712795422
END: 51
START: 52
energy: -53.46491228070176
end_to_end: 7.0710678118654755
temperature: 20
rog: 639.5918000391799
END: 52
START: 53
energy: -48.219298245614034
end_to_end: 9.055385138137417
temperature: 20
rog: 652.1200112779394
END: 53
START: 54
energy: -55.55263157894736
end_to_end: 7.0710678118654755
temperature: 20
rog: 603.4674161472772
END: 54
START: 55
energy: -55.55263157894738
end_to_end: 7.0710678118654755
temperature: 20
rog: 592.3447857617897
END: 55
START: 56
energy: -55.55263157894736
end_to_end: 5.0990195135927845
temperature: 20
rog: 625.7253283531841
END: 56
START: 57
energy: -53.63157894736841
end_to_end: 5.0990195135927845
temperature: 20
rog: 627.1069614987733
END: 57
START: 58
energy: -51.868421052631575
end_to_end: 8.246211251235321
temperature: 20
rog: 627.9231946048639
END: 58
START: 59
energy: -59.18421052631578
end_to_end: 6.324555320336759
temperature: 20
rog: 567.6765662126414
END: 59
START: 60
energy: -53.73684210526315
end_to_end: 9.055385138137417
temperature: 20
rog: 586.1022139711027
END: 60
START: 61
energy: -53.73684210526315
end_to_end: 6.324555320336759
temperature: 20
rog: 572.6355473044378
END: 61
START: 62
energy: -51.99122807017543
end_to_end: 7.615773105863909
temperature: 20
rog: 560.513300956983
END: 62
START: 63
energy: -51.74561403508771
end_to_end: 8
temperature: 20
rog: 498.5081810913002
END: 63
START: 64
energy: -59.12280701754386
end_to_end: 7.0710678118654755
temperature: 20
rog: 442.4161451890061
END: 64
START: 65
energy: -60.93859649122807
end_to_end: 6
temperature: 20
rog: 430.71954655302693
END: 65
START: 66
energy: -61.096491228070164
end_to_end: 8
temperature: 20
rog: 425.2896992584944
END: 66
START: 67
energy: -51.92982456140351
end_to_end: 8.246211251235321
temperature: 20
rog: 465.83437145506406
END: 67
START: 68
energy: -50.061403508771924
end_to_end: 6.324555320336759
temperature: 20
rog: 447.4343223536985
END: 68
START: 69
energy: -54.51754385964912
end_to_end: 5.0990195135927845
temperature: 20
rog: 421.90530154674894
END: 69
START: 70
energy: -53.16666666666666
end_to_end: 4.47213595499958
temperature: 20
rog: 437.3033522833781
END: 70
START: 71
energy: -58.552631578947356
end_to_end: 4.47213595499958
temperature: 20
rog: 438.4706723821752
END: 71
START: 72
energy: -57.21929824561402
end_to_end: 5.830951894845301
temperature: 20
rog: 453.0687170739542
END: 72
START: 73
energy: -65.92982456140348
end_to_end: 4.47213595499958
temperature: 20
rog: 454.7359793108712
END: 73
START: 74
energy: -65.30701754385963
end_to_end: 4.242640687119285
temperature: 20
rog: 456.73470387163627
END: 74
START: 75
energy: -65.76315789473684
end_to_end: 3.1622776601683795
temperature: 20
rog: 448.7359793565262
END: 75
START: 76
energy: -61.964912280701746
end_to_end: 4.47213595499958
temperature: 20
rog: 453.9359793565261
END: 76
START: 77
energy: -60.24561403508771
end_to_end: 4.47213595499958
temperature: 20
rog: 487.3339397495721
END: 77
START: 78
energy: -57.50877192982455
end_to_end: 4.47213595499958
temperature: 20
rog: 503.06846426268777
END: 78
START: 79
energy: -70.14912280701752
end_to_end: 2
temperature: 20
rog: 506.76367170170516
END: 79
START: 80
energy: -66.75438596491227
end_to_end: 2.8284271247461903
temperature: 20
rog: 495.0986835001886
END: 80
START: 81
energy: -64.55263157894736
end_to_end: 4.242640687119285
temperature: 20
rog: 496.9351309326061
END: 81
START: 82
energy: -60.84210526315788
end_to_end: 4.47213595499958
temperature: 20
rog: 497.06846426593955
END: 82
START: 83
energy: -64.14035087719296
end_to_end: 3.1622776601683795
temperature: 20
rog: 489.26786865159505
END: 83
START: 84
energy: -62.21052631578946
end_to_end: 3.1622776601683795
temperature: 20
rog: 511.4975035563434
END: 84
START: 85
energy: -64.5701754385965
end_to_end: 3.1622776601683795
temperature: 20
rog: 523.6296577011734
END: 85
START: 86
energy: -67.43859649122805
end_to_end: 3.1622776601683795
temperature: 20
rog: 514.6302472954251
END: 86
START: 87
energy: -71.07017543859646
end_to_end: 4.47213595499958
temperature: 20
rog: 488.1339397039172
END: 87
START: 88
energy: -63.763157894736835
end_to_end: 3.1622776601683795
temperature: 20
rog: 495.2320168335221
END: 88
START: 89
energy: -59.964912280701746
end_to_end: 4.47213595499958
temperature: 20
rog: 500.16535016685526
END: 89
START: 90
energy: -65.3859649122807
end_to_end: 4.242640687119285
temperature: 20
rog: 463.83421501628266
END: 90
START: 91
energy: -67.50877192982453
end_to_end: 4.242640687119285
temperature: 20
rog: 487.2006064162389
END: 91
START: 92
energy: -60.84210526315788
end_to_end: 5.656854249492381
temperature: 20
rog: 489.06854851743196
END: 92
START: 93
energy: -68.17543859649122
end_to_end: 5.830951894845301
temperature: 20
rog: 487.201881850743
END: 93
START: 94
energy: -71.59649122807015
end_to_end: 4.242640687119285
temperature: 20
rog: 522.6671045246933
END: 94
START: 95
energy: -66.34210526315788
end_to_end: 5.656854249492381
temperature: 20
rog: 502.0678686484473
END: 95
START: 96
energy: -62.67543859649121
end_to_end: 5.656854249492381
temperature: 20
rog: 498.20120198175783
END: 96
START: 97
energy: -60.84210526315788
end_to_end: 5.656854249492381
temperature: 20
rog: 468.8032415887347
END: 97
START: 98
energy: -66.38596491228068
end_to_end: 5.830951894845301
temperature: 20
rog: 478.33589505306156
END: 98
START: 99
energy: -66.42982456140349
end_to_end: 5.830951894845301
temperature: 20
rog: 469.46863277522
END: 99
START: 100
energy: -62.850877192982445
end_to_end: 6.324555320336759
temperature: 20
rog: 438.003410145257
END: 100
START: 101
energy: -62.07017543859649
end_to_end: 4.47213595499958
temperature: 20
rog: 443.5688975526059
END: 101
START: 102
energy: -62.184210526315795
end_to_end: 4.47213595499958
temperature: 20
rog: 434.4362388207676
END: 102
START: 103
energy: -62.37719298245614
end_to_end: 4.47213595499958
temperature: 20
rog: 467.8340563932672
END: 103
START: 104
energy: -60.245614035087705
end_to_end: 4.242640687119285
temperature: 20
rog: 469.83414595986864
END: 104
START: 105
energy: -59.21929824561403
end_to_end: 4.242640687119285
temperature: 20
rog: 482.4995431632975
END: 105
START: 106
energy: -53.72807017543859
end_to_end: 5.830951894845301
temperature: 20
rog: 495.6424875556763
END: 106
START: 107
energy: -55.008771929824555
end_to_end: 5.830951894845301
temperature: 20
rog: 472.5288813357956
END: 107
START: 108
energy: -51.99999999999999
end_to_end: 7.615773105863909
temperature: 20
rog: 477.26289453811364
END: 108
START: 109
energy: -55.62280701754385
end_to_end: 7.615773105863909
temperature: 20
rog: 508.1581333325143
END: 109
START: 110
energy: -55.710526315789465
end_to_end: 8
temperature: 20
rog: 497.27559632194965
END: 110
START: 111
energy: -59.263157894736835
end_to_end: 7.0710678118654755
temperature: 20
rog: 516.1352796174688
END: 111
START: 112
energy: -57.34210526315788
end_to_end: 7.0710678118654755
temperature: 20
rog: 515.321398585104
END: 112
START: 113
energy: -64.81578947368422
end_to_end: 6.324555320336759
temperature: 20
rog: 520.9835789120019
END: 113
START: 114
energy: -63.017543859649116
end_to_end: 7.0710678118654755
temperature: 20
rog: 512.1352804410964
END: 114
START: 115
energy: -59.359649122807014
end_to_end: 7.0710678118654755
temperature: 20
rog: 523.3835789120018
END: 115
START: 116
energy: -58.89473684210525
end_to_end: 6
temperature: 20
rog: 519.3302727630962
END: 116
START: 117
energy: -62.34210526315788
end_to_end: 7.0710678118654755
temperature: 20
rog: 499.47243365318155
END: 117
START: 118
energy: -62.605263157894726
end_to_end: 5.0990195135927845
temperature: 20
rog: 519.1119054143737
END: 118
START: 119
energy: -64.32456140350877
end_to_end: 5.0990195135927845
temperature: 20
rog: 512.2623358806936
END: 119
START: 120
energy: -58.89473684210525
end_to_end: 7.0710678118654755
temperature: 20
rog: 541.7569814066387
END: 120
START: 121
energy: -55.57894736842105
end_to_end: 8.246211251235321
temperature: 20
rog: 554.2710185966899
END: 121
START: 122
energy: -59.08771929824561
end_to_end: 8.246211251235321
temperature: 20
rog: 541.1268057584999
END: 122
START: 123
energy: -53.657894736842096
end_to_end: 8.246211251235321
temperature: 20
rog: 547.1268057549432
END: 123
START: 124
energy: -57.24561403508771
end_to_end: 8
temperature: 20
rog: 527.4327442548757
END: 124
START: 125
energy: -53.86842105263157
end_to_end: 8
temperature: 20
rog: 612.8981527975496
END: 125
START: 126
energy: -53.60526315789473
end_to_end: 7.0710678118654755
temperature: 20
rog: 613.9030748402712
END: 126
START: 127
energy: -50.05263157894736
end_to_end: 7.615773105863909
temperature: 20
rog: 604.7601270196851
END: 127
START: 128
energy: -53.60526315789473
end_to_end: 7.0710678118654755
temperature: 20
rog: 624.4846951137245
END: 128
START: 129
energy: -59.10526315789473
end_to_end: 6
temperature: 20
rog: 619.4383454745695
END: 129
START: 130
energy: -53.719298245614034
end_to_end: 6.324555320336759
temperature: 20
rog: 624.8643899796666
END: 130
START: 131
energy: -51.84210526315789
end_to_end: 7.615773105863909
temperature: 20
rog: 643.0256932225088
END: 131
START: 132
energy: -55.42105263157894
end_to_end: 7.0710678118654755
temperature: 20
rog: 615.8827581819518
END: 132
START: 133
energy: -51.7719298245614
end_to_end: 7.0710678118654755
temperature: 20
rog: 626.505012141236
END: 133
START: 134
energy: -50.05263157894736
end_to_end: 8.246211251235321
temperature: 20
rog: 624.3474263621441
END: 134
START: 135
energy: -48.219298245614034
end_to_end: 9.055385138137417
temperature: 20
rog: 635.2338081129363
END: 135
START: 136
energy: -51.92982456140351
end_to_end: 10
temperature: 20
rog: 645.5634110958339
END: 136
START: 137
energy: -49.93859649122807
end_to_end: 10.198039027185569
temperature: 20
rog: 666.0628562361142
END: 137
START: 138
energy: -49.93859649122807
end_to_end: 9.486832980505138
temperature: 20
rog: 646.6814251029951
END: 138
START: 139
energy: -49.93859649122807
end_to_end: 9.486832980505138
temperature: 20
rog: 674.2262767567466
END: 139
START: 140
energy: -49.98245614035087
end_to_end: 8.94427190999916
temperature: 20
rog: 704.8897844096791
END: 140
START: 141
energy: -57.24561403508771
end_to_end: 7.615773105863909
temperature: 20
rog: 670.118854770536
END: 141
START: 142
energy: -57.24561403508771
end_to_end: 9.486832980505138
temperature: 20
rog: 678.6051586295991
END: 142
START: 143
energy: -60.95614035087719
end_to_end: 7.615773105863909
temperature: 20
rog: 661.2718252962657
END: 143
START: 144
energy: -57.24561403508771
end_to_end: 10.198039027185569
temperature: 20
rog: 674.0247958178152
END: 144
START: 145
energy: -55.52631578947368
end_to_end: 10.198039027185569
temperature: 20
rog: 671.4444330060312
END: 145
START: 146
energy: -57.24561403508771
end_to_end: 10.198039027185569
temperature: 20
rog: 657.4884965115322
END: 146
START: 147
energy: -51.74561403508771
end_to_end: 9.486832980505138
temperature: 20
rog: 670.3849257735761
END: 147
START: 148
energy: -51.74561403508771
end_to_end: 8.246211251235321
temperature: 20
rog: 682.7512601423937
END: 148
START: 149
energy: -48.219298245614034
end_to_end: 9.486832980505138
temperature: 20
rog: 706.0915437537435
END: 149
START: 150
energy: -49.98245614035087
end_to_end: 9.486832980505138
temperature: 20
rog: 681.9582615894221
END: 150
START: 151
energy: -51.9298245614035
end_to_end: 9.486832980505138
temperature: 20
rog: 727.7981764098081
END: 151
START: 152
energy: -49.96491228070175
end_to_end: 9.486832980505138
temperature: 20
rog: 773.4372525564942
END: 152
START: 153
energy: -50.18421052631578
end_to_end: 9.486832980505138
temperature: 20
rog: 727.7981764098081
END: 153
START: 154
energy: -51.92982456140351
end_to_end: 7.615773105863909
temperature: 20
rog: 748.907488699999
END: 154
START: 155
energy: -48.219298245614034
end_to_end: 8.94427190999916
temperature: 20
rog: 796.9926845411009
END: 155
START: 156
energy: -53.71052631578946
end_to_end: 8.246211251235321
temperature: 20
rog: 802.0745129246995
END: 156
START: 157
energy: -51.83333333333332
end_to_end: 9.486832980505138
temperature: 20
rog: 778.2868158859831
END: 157
START: 158
energy: -48.219298245614034
end_to_end: 8.246211251235321
temperature: 20
rog: 763.4677848349858
END: 158
START: 159
energy: -53.73684210526315
end_to_end: 7.615773105863909
temperature: 20
rog: 803.0133461160893
END: 159
START: 160
energy: -53.561403508771924
end_to_end: 8.246211251235321
temperature: 20
rog: 840.9192094196208
END: 160
START: 161
energy: -50.00877192982456
end_to_end: 10.198039027185569
temperature: 20
rog: 822.3171798924459
END: 161
START: 162
energy: -51.7719298245614
end_to_end: 8.246211251235321
temperature: 20
rog: 826.9090054224389
END: 162
START: 163
energy: -51.92982456140351
end_to_end: 8.246211251235321
temperature: 20
rog: 855.1819945624644
END: 163
START: 164
energy: -48.219298245614034
end_to_end: 10.198039027185569
temperature: 20
rog: 930.8255398222021
END: 164
START: 165
energy: -48.219298245614034
end_to_end: 11.045361017187261
temperature: 20
rog: 933.0922258411498
END: 165
START: 166
energy: -51.7719298245614
end_to_end: 9.055385138137417
temperature: 20
rog: 957.1228380552232
END: 166
START: 167
energy: -48.219298245614034
end_to_end: 10.198039027185569
temperature: 20
rog: 931.0922258415421
END: 167
START: 168
energy: -48.219298245614034
end_to_end: 10.198039027185569
temperature: 20
rog: 941.1024299231747
END: 168
START: 169
energy: -48.219298245614034
end_to_end: 9.055385138137417
temperature: 20
rog: 949.6459479854913
END: 169
START: 170
energy: -48.219298245614034
end_to_end: 7.0710678118654755
temperature: 20
rog: 912.4089568509324
END: 170
START: 171
energy: -55.45614035087719
end_to_end: 6.324555320336759
temperature: 20
rog: 929.5107189472042
END: 171
START: 172
energy: -48.219298245614034
end_to_end: 6
temperature: 20
rog: 938.9963482006106
END: 172
START: 173
energy: -49.98245614035088
end_to_end: 6
temperature: 20
rog: 897.371499155571
END: 173
START: 174
energy: -49.98245614035088
end_to_end: 6
temperature: 20
rog: 897.371499155571
END: 174
START: 175
energy: -49.98245614035088
end_to_end: 5.0990195135927845
temperature: 20
rog: 924.527774126648
END: 175
START: 176
energy: -51.70175438596491
end_to_end: 5.0990195135927845
temperature: 20
rog: 892.2039589322246
END: 176
START: 177
energy: -58.736842105263165
end_to_end: 4
temperature: 20
rog: 845.7569911828414
END: 177
START: 178
energy: -61.42982456140351
end_to_end: 4
temperature: 20
rog: 814.063102891191
END: 178
START: 179
energy: -57.87719298245614
end_to_end: 3.1622776601683795
temperature: 20
rog: 841.4713629061966
END: 179
START: 180
energy: -54.66666666666666
end_to_end: 6
temperature: 20
rog: 808.2753659351984
END: 180
START: 181
energy: -61.70175438596491
end_to_end: 5.0990195135927845
temperature: 20
rog: 780.6753236071562
END: 181
START: 182
energy: -59.973684210526315
end_to_end: 4
temperature: 20
rog: 810.9305284446319
END: 182
START: 183
energy: -54.66666666666666
end_to_end: 4
temperature: 20
rog: 825.3991815058636
END: 183
START: 184
energy: -61.76315789473684
end_to_end: 3.1622776601683795
temperature: 20
rog: 819.7774732669978
END: 184
START: 185
energy: -60.228070175438596
end_to_end: 3.1622776601683795
temperature: 20
rog: 805.4033260679983
END: 185
START: 186
energy: -58.35087719298245
end_to_end: 5.0990195135927845
temperature: 20
rog: 818.5280194013911
END: 186
START: 187
energy: -48.219298245614034
end_to_end: 5.0990195135927845
temperature: 20
rog: 802.0800641683161
END: 187
START: 188
energy: -48.219298245614034
end_to_end: 5.0990195135927845
temperature: 20
rog: 826.9280193195154
END: 188
START: 189
energy: -49.98245614035087
end_to_end: 5.0990195135927845
temperature: 20
rog: 859.4726451526035
END: 189
START: 190
energy: -53.69298245614034
end_to_end: 5.0990195135927845
temperature: 20
rog: 852.805978485937
END: 190
START: 191
energy: -55.54385964912281
end_to_end: 4
temperature: 20
rog: 879.9690441157978
END: 191
START: 192
energy: -55.22807017543858
end_to_end: 4.47213595499958
temperature: 20
rog: 884.1328506179675
END: 192
START: 193
energy: -57.04385964912281
end_to_end: 5.0990195135927845
temperature: 20
rog: 871.3875021388095
END: 193
START: 194
energy: -53.33333333333332
end_to_end: 4.47213595499958
temperature: 20
rog: 885.1048515137913
END: 194
START: 195
energy: -61.83333333333333
end_to_end: 4.47213595499958
temperature: 20
rog: 821.717039451876
END: 195
START: 196
energy: -55.60526315789472
end_to_end: 4.47213595499958
temperature: 20
rog: 836.5640688252664
END: 196
START: 197
energy: -53.64035087719298
end_to_end: 5.0990195135927845
temperature: 20
rog: 837.6913736169503
END: 197
START: 198
energy: -55.60526315789472
end_to_end: 5.0990195135927845
temperature: 20
rog: 854.3507777950035
END: 198
START: 199
energy: -60.7719298245614
end_to_end: 3.1622776601683795
temperature: 20
rog: 820.5018465780722
END: 199
START: 200
energy: -60.62280701754386
end_to_end: 3.1622776601683795
temperature: 20
rog: 845.6269975911052
END: 200
START: 201
energy: -57.37719298245614
end_to_end: 3.1622776601683795
temperature: 20
rog: 835.064412935013
END: 201
START: 202
energy: -55.6140350877193
end_to_end: 3.1622776601683795
temperature: 20
rog: 843.0644116916587
END: 202
START: 203
energy: -63.105263157894726
end_to_end: 4.47213595499958
temperature: 20
rog: 860.5202061054944
END: 203
START: 204
energy: -64.92982456140349
end_to_end: 5.0990195135927845
temperature: 20
rog: 851.1576214728132
END: 204
START: 205
energy: -57.61403508771929
end_to_end: 5.830951894845301
temperature: 20
rog: 796.6053501746798
END: 205
START: 206
energy: -57.61403508771929
end_to_end: 5.830951894845301
temperature: 20
rog: 796.6053501746798
END: 206
START: 207
energy: -57.61403508771929
end_to_end: 7.615773105863909
temperature: 20
rog: 779.7291540529587
END: 207
START: 208
energy: -55.570175438596486
end_to_end: 7.615773105863909
temperature: 20
rog: 754.0019741860384
END: 208
START: 209
energy: -57.1578947368421
end_to_end: 5.656854249492381
temperature: 20
rog: 785.5740717037481
END: 209
START: 210
energy: -53.9298245614035
end_to_end: 7.615773105863909
temperature: 20
rog: 782.5937935476744
END: 210
START: 211
energy: -57.499999999999986
end_to_end: 5.830951894845301
temperature: 20
rog: 843.928370179302
END: 211
START: 212
energy: -50.05263157894736
end_to_end: 8.246211251235321
temperature: 20
rog: 877.6219185581128
END: 212
START: 213
energy: -59.219298245614034
end_to_end: 6
temperature: 20
rog: 838.5005576128973
END: 213
START: 214
energy: -57.701754385964904
end_to_end: 7.0710678118654755
temperature: 20
rog: 851.9283701730486
END: 214
START: 215
energy: -59.44736842105262
end_to_end: 6.324555320336759
temperature: 20
rog: 823.7951577793766
END: 215
START: 216
energy: -62.9736842105263
end_to_end: 5.0990195135927845
temperature: 20
rog: 819.2441309231541
END: 216
START: 217
energy: -61.21052631578946
end_to_end: 5.0990195135927845
temperature: 20
rog: 850.6829116774196
END: 217
START: 218
energy: -63.14912280701753
end_to_end: 5.0990195135927845
temperature: 20
rog: 857.5182987228575
END: 218
START: 219
energy: -67.87719298245612
end_to_end: 3.1622776601683795
temperature: 20
rog: 790.6992589635169
END: 219
START: 220
energy: -62.37719298245612
end_to_end: 5.0990195135927845
temperature: 20
rog: 766.7271441266352
END: 220
START: 221
energy: -71.15789473684208
end_to_end: 4
temperature: 20
rog: 740.4872710826174
END: 221
START: 222
energy: -72.99999999999997
end_to_end: 4
temperature: 20
rog: 713.3265467155961
END: 222
START: 223
energy: -72.58771929824559
end_to_end: 3.1622776601683795
temperature: 20
rog: 709.4598800489297
END: 223
START: 224
energy: -64.53508771929825
end_to_end: 4
temperature: 20
rog: 725.906908374333
END: 224
START: 225
energy: -59.20175438596491
end_to_end: 5.0990195135927845
temperature: 20
rog: 715.9080856441809
END: 225
START: 226
energy: -70.70175438596489
end_to_end: 4
temperature: 20
rog: 700.6128505722553
END: 226
START: 227
energy: -72.58771929824559
end_to_end: 3.1622776601683795
temperature: 20
rog: 709.4598800489297
END: 227
START: 228
energy: -64.33333333333333
end_to_end: 5.0990195135927845
temperature: 20
rog: 704.7461839055885
END: 228
START: 229
energy: -70.70175438596489
end_to_end: 4
temperature: 20
rog: 700.6128505722553
END: 229
START: 230
energy: -70.83333333333331
end_to_end: 4
temperature: 20
rog: 682.9188762732097
END: 230
START: 231
energy: -62.6140350877193
end_to_end: 5.830951894845301
temperature: 20
rog: 702.432403107946
END: 231
START: 232
energy: -67.99999999999999
end_to_end: 4.242640687119285
temperature: 20
rog: 730.7066555626994
END: 232
START: 233
energy: -60.64912280701754
end_to_end: 5.830951894845301
temperature: 20
rog: 740.4400723722555
END: 233
START: 234
energy: -57.596491228070164
end_to_end: 7.615773105863909
temperature: 20
rog: 681.8943239994514
END: 234
START: 235
energy: -60.34210526315788
end_to_end: 5.830951894845301
temperature: 20
rog: 659.3165881734668
END: 235
START: 236
energy: -57.596491228070164
end_to_end: 7.211102550927978
temperature: 20
rog: 666.9165881734668
END: 236
START: 237
energy: -57.5438596491228
end_to_end: 5.830951894845301
temperature: 20
rog: 650.4567262390683
END: 237
START: 238
energy: -53.921052631578945
end_to_end: 5.656854249492381
temperature: 20
rog: 646.6206710092907
END: 238
START: 239
energy: -62.52631578947368
end_to_end: 5.656854249492381
temperature: 20
rog: 624.3249909890558
END: 239
START: 240
energy: -53.78947368421052
end_to_end: 5.830951894845301
temperature: 20
rog: 653.8866567040833
END: 240
START: 241
energy: -53.86842105263157
end_to_end: 8.246211251235321
temperature: 20
rog: 637.1106518120176
END: 241
START: 242
energy: -56.701754385964904
end_to_end: 7.211102550927978
temperature: 20
rog: 660.6461413996188
END: 242
START: 243
energy: -53.763157894736835
end_to_end: 6.324555320336759
temperature: 20
rog: 679.0890259396931
END: 243
START: 244
energy: -48.219298245614034
end_to_end: 9.055385138137417
temperature: 20
rog: 760.6716427037435
END: 244
START: 245
energy: -49.93859649122807
end_to_end: 7.0710678118654755
temperature: 20
rog: 737.6656321099755
END: 245
START: 246
energy: -57.22807017543859
end_to_end: 7.0710678118654755
temperature: 20
rog: 744.4947156265437
END: 246
START: 247
energy: -59.0438596491228
end_to_end: 8
temperature: 20
rog: 734.7362580476957
END: 247
START: 248
energy: -59.105263157894726
end_to_end: 7.0710678118654755
temperature: 20
rog: 745.4281324878808
END: 248
START: 249
energy: -62.42105263157894
end_to_end: 8
temperature: 20
rog: 655.0791119478117
END: 249
START: 250
energy: -55.30701754385965
end_to_end: 8
temperature: 20
rog: 677.1235990885029
END: 250
START: 251
energy: -51.53508771929825
end_to_end: 8.246211251235321
temperature: 20
rog: 664.2650964396427
END: 251
START: 252
energy: -51.7719298245614
end_to_end: 6
temperature: 20
rog: 706.2777614181804
END: 252
START: 253
energy: -48.219298245614034
end_to_end: 8
temperature: 20
rog: 680.8274382151283
END: 253
START: 254
energy: -50.061403508771924
end_to_end: 8.246211251235321
temperature: 20
rog: 734.1405467232292
END: 254
START: 255
energy: -48.219298245614034
end_to_end: 8.246211251235321
temperature: 20
rog: 709.8485097192836
END: 255
START: 256
energy: -50.061403508771924
end_to_end: 7.211102550927978
temperature: 20
rog: 765.05721490161
END: 256
START: 257
energy: -59.43859649122806
end_to_end: 5.0990195135927845
temperature: 20
rog: 743.7280834999406
END: 257
START: 258
energy: -55.605263157894726
end_to_end: 4
temperature: 20
rog: 783.1449699280666
END: 258
START: 259
energy: -54.614035087719294
end_to_end: 5.830951894845301
temperature: 20
rog: 780.6053514509811
END: 259
START: 260
energy: -56.526315789473685
end_to_end: 4.242640687119285
temperature: 20
rog: 777.0053513712123
END: 260
START: 261
energy: -53.8157894736842
end_to_end: 5.830951894845301
temperature: 20
rog: 794.9012693606375
END: 261
START: 262
energy: -53.61403508771929
end_to_end: 5.0990195135927845
temperature: 20
rog: 820.4738464195106
END: 262
START: 263
energy: -61.157894736842096
end_to_end: 5.0990195135927845
temperature: 20
rog: 816.5368712666987
END: 263
START: 264
energy: -62.64035087719298
end_to_end: 5.0990195135927845
temperature: 20
rog: 749.4487723038329
END: 264
START: 265
energy: -52.05263157894736
end_to_end: 5.830951894845301
temperature: 20
rog: 780.309433381787
END: 265
START: 266
energy: -59.263157894736835
end_to_end: 5.830951894845301
temperature: 20
rog: 795.5502412843354
END: 266
START: 267
energy: -59.263157894736835
end_to_end: 5.830951894845301
temperature: 19.984009273079813
rog: 795.5502412843354
END: 267
START: 268
energy: -57.543859649122794
end_to_end: 4.242640687119285
temperature: 19.953510754297316
rog: 816.693104072723
END: 268
START: 269
energy: -55.57894736842104
end_to_end: 4.47213595499958
temperature: 19.923058780711795
rog: 837.3952053558647
END: 269
START: 270
energy: -55.1578947368421
end_to_end: 6.324555320336759
temperature: 19.89265328128847
rog: 855.3295356510889
END: 270
START: 271
energy: -55.18421052631579
end_to_end: 5.830951894845301
temperature: 19.862294185100986
rog: 870.1575162905541
END: 271
START: 272
energy: -53.45614035087719
end_to_end: 7.211102550927978
temperature: 19.831981421331214
rog: 872.6885852247794
END: 272
START: 273
energy: -53.868421052631575
end_to_end: 8.246211251235321
temperature: 19.80171491926912
rog: 933.2868134930861
END: 273
START: 274
energy: -53.868421052631575
end_to_end: 8
temperature: 19.771494608312572
rog: 931.6774236016718
END: 274
START: 275
energy: -53.868421052631575
end_to_end: 9.055385138137417
temperature: 19.7413204179672
rog: 967.8742576421378
END: 275
START: 276
energy: -48.219298245614034
end_to_end: 8
temperature: 19.7111922778462
rog: 967.8932019365918
END: 276
START: 277
energy: -50.05263157894736
end_to_end: 6
temperature: 19.681110117670208
rog: 952.6311650984611
END: 277
START: 278
energy: -51.631578947368425
end_to_end: 5.0990195135927845
temperature: 19.651073867267108
rog: 922.9445855345948
END: 278
START: 279
energy: -55.63157894736842
end_to_end: 5.0990195135927845
temperature: 19.621083456571874
rog: 894.2005540581296
END: 279
START: 280
energy: -50.05263157894736
end_to_end: 5.0990195135927845
temperature: 19.591138815626408
rog: 910.2005528604807
END: 280
START: 281
energy: -51.622807017543856
end_to_end: 4.47213595499958
temperature: 19.56123987457939
rog: 944.9443054308338
END: 281
START: 282
energy: -50.05263157894736
end_to_end: 3.1622776601683795
temperature: 19.531386563686095
rog: 949.7912446094681
END: 282
START: 283
energy: -48.219298245614034
end_to_end: 3.1622776601683795
temperature: 19.501578813308235
rog: 931.3243684060695
END: 283
START: 284
energy: -48.219298245614034
end_to_end: 4
