-4 -3.982456140350877 -3.9649122807017543 -3.9473684210526314 -3.9298245614035086 -3.912280701754386 -3.8947368421052633 -3.8771929824561404 -3.8596491228070176 -3.8421052631578947 -3.824561403508772 -3.807017543859649 -3.7894736842105265 -3.7719298245614037 -3.754385964912281 -3.736842105263158 -3.719298245614035 -3.7017543859649122 -3.6842105263157894 -3.6666666666666665 
-3.982456140350877 -3.8947368421052633 -3.8771929824561404 -3.8596491228070176 -3.8421052631578947 -3.824561403508772 -3.807017543859649 -3.7894736842105265 -3.7719298245614037 -3.754385964912281 -3.736842105263158 -3.719298245614035 -3.7017543859649122 -3.6842105263157894 -3.6666666666666665 -3.6491228070175437 -3.6315789473684212 -3.6140350877192984 -3.5964912280701755 -3.5789473684210527 
-3.9649122807017543 -3.8771929824561404 -3.7894736842105265 -3.7719298245614037 -3.754385964912281 -3.736842105263158 -3.719298245614035 -3.7017543859649122 -3.6842105263157894 -3.6666666666666665 -3.6491228070175437 -3.6315789473684212 -3.6140350877192984 -3.5964912280701755 -3.5789473684210527 -3.56140350877193 -3.543859649122807 -3.526315789473684 -3.5087719298245617 -3.4912280701754383 
-3.9473684210526314 -3.8596491228070176 -3.7719298245614037 -3.6842105263157894 -3.6666666666666665 -3.6491228070175437 -3.6315789473684212 -3.6140350877192984 -3.5964912280701755 -3.5789473684210527 -3.56140350877193 -3.543859649122807 -3.526315789473684 -3.5087719298245617 -3.4912280701754383 -3.473684210526316 -3.456140350877193 -3.43859649122807 -3.4210526315789473 -3.4035087719298245 
-3.9298245614035086 -3.8421052631578947 -3.754385964912281 -3.6666666666666665 -3.5789473684210527 -3.56140350877193 -3.543859649122807 -3.526315789473684 -3.5087719298245617 -3.4912280701754383 -3.473684210526316 -3.456140350877193 -3.43859649122807 -3.4210526315789473 -3.4035087719298245 -3.3859649122807016 -3.3684210526315788 -3.3508771929824563 -3.3333333333333335 -3.3157894736842106 
-3.912280701754386 -3.824561403508772 -3.736842105263158 -3.6491228070175437 -3.56140350877193 -3.473684210526316 -3.456140350877193 -3.43859649122807 -3.4210526315789473 -3.4035087719298245 -3.3859649122807016 -3.3684210526315788 -3.3508771929824563 -3.3333333333333335 -3.3157894736842106 -3.2982456140350878 -3.280701754385965 -3.263157894736842 -3.245614035087719 -3.2280701754385968 
-3.8947368421052633 -3.807017543859649 -3.719298245614035 -3.6315789473684212 -3.543859649122807 -3.456140350877193 -3.3684210526315788 -3.3508771929824563 -3.3333333333333335 -3.3157894736842106 -3.2982456140350878 -3.280701754385965 -3.263157894736842 -3.245614035087719 -3.2280701754385968 -3.2105263157894735 -3.192982456140351 -3.175438596491228 -3.1578947368421053 -3.1403508771929824 
-3.8771929824561404 -3.7894736842105265 -3.7017543859649122 -3.6140350877192984 -3.526315789473684 -3.43859649122807 -3.3508771929824563 -3.263157894736842 -3.245614035087719 -3.2280701754385968 -3.2105263157894735 -3.192982456140351 -3.175438596491228 -3.1578947368421053 -3.1403508771929824 -3.1228070175438596 -3.1052631578947367 -3.087719298245614 -3.0701754385964914 -3.0526315789473686 
-3.8596491228070176 -3.7719298245614037 -3.6842105263157894 -3.5964912280701755 -3.5087719298245617 -3.4210526315789473 -3.3333333333333335 -3.245614035087719 -3.1578947368421053 -3.1403508771929824 -3.1228070175438596 -3.1052631578947367 -3.087719298245614 -3.0701754385964914 -3.0526315789473686 -3.0350877192982457 -3.017543859649123 -3 -2.982456140350877 -2.9649122807017543 
-3.8421052631578947 -3.754385964912281 -3.6666666666666665 -3.5789473684210527 -3.4912280701754383 -3.4035087719298245 -3.3157894736842106 -3.2280701754385968 -3.1403508771929824 -3.0526315789473686 -3.0350877192982457 -3.017543859649123 -3 -2.982456140350877 -2.9649122807017543 -2.947368421052632 -2.9298245614035086 -2.912280701754386 -2.894736842105263 -2.8771929824561404 
-3.824561403508772 -3.736842105263158 -3.6491228070175437 -3.56140350877193 -3.473684210526316 -3.3859649122807016 -3.2982456140350878 -3.2105263157894735 -3.1228070175438596 -3.0350877192982457 -2.947368421052632 -2.9298245614035086 -2.912280701754386 -2.894736842105263 -2.8771929824561404 -2.8596491228070176 -2.8421052631578947 -2.824561403508772 -2.807017543859649 -2.7894736842105265 
-3.807017543859649 -3.719298245614035 -3.6315789473684212 -3.543859649122807 -3.456140350877193 -3.3684210526315788 -3.280701754385965 -3.192982456140351 -3.1052631578947367 -3.017543859649123 -2.9298245614035086 -2.8421052631578947 -2.824561403508772 -2.807017543859649 -2.7894736842105265 -2.7719298245614032 -2.754385964912281 -2.736842105263158 -2.719298245614035 -2.7017543859649122 
-3.7894736842105265 -3.7017543859649122 -3.6140350877192984 -3.526315789473684 -3.43859649122807 -3.3508771929824563 -3.263157894736842 -3.175438596491228 -3.087719298245614 -3 -2.912280701754386 -2.824561403508772 -2.736842105263158 -2.719298245614035 -2.7017543859649122 -2.6842105263157894 -2.666666666666667 -2.6491228070175437 -2.6315789473684212 -2.614035087719298 
-3.7719298245614037 -3.6842105263157894 -3.5964912280701755 -3.5087719298245617 -3.4210526315789473 -3.3333333333333335 -3.245614035087719 -3.1578947368421053 -3.0701754385964914 -2.982456140350877 -2.894736842105263 -2.807017543859649 -2.719298245614035 -2.6315789473684212 -2.614035087719298 -2.5964912280701755 -2.5789473684210527 -2.56140350877193 -2.543859649122807 -2.526315789473684 
-3.754385964912281 -3.6666666666666665 -3.5789473684210527 -3.4912280701754383 -3.4035087719298245 -3.3157894736842106 -3.2280701754385968 -3.1403508771929824 -3.0526315789473686 -2.9649122807017543 -2.8771929824561404 -2.7894736842105265 -2.7017543859649122 -2.614035087719298 -2.526315789473684 -2.5087719298245617 -2.4912280701754383 -2.473684210526316 -2.456140350877193 -2.43859649122807 
-3.736842105263158 -3.6491228070175437 -3.56140350877193 -3.473684210526316 -3.3859649122807016 -3.2982456140350878 -3.2105263157894735 -3.1228070175438596 -3.0350877192982457 -2.947368421052632 -2.8596491228070176 -2.7719298245614032 -2.6842105263157894 -2.5964912280701755 -2.5087719298245617 -2.4210526315789473 -2.4035087719298245 -2.385964912280702 -2.3684210526315788 -2.3508771929824563 
-3.719298245614035 -3.6315789473684212 -3.543859649122807 -3.456140350877193 -3.3684210526315788 -3.280701754385965 -3.192982456140351 -3.1052631578947367 -3.017543859649123 -2.9298245614035086 -2.8421052631578947 -2.754385964912281 -2.666666666666667 -2.5789473684210527 -2.4912280701754383 -2.4035087719298245 -2.3157894736842106 -2.2982456140350878 -2.280701754385965 -2.263157894736842 
-3.7017543859649122 -3.6140350877192984 -3.526315789473684 -3.43859649122807 -3.3508771929824563 -3.263157894736842 -3.175438596491228 -3.087719298245614 -3 -2.912280701754386 -2.824561403508772 -2.736842105263158 -2.6491228070175437 -2.56140350877193 -2.473684210526316 -2.385964912280702 -2.2982456140350878 -2.2105263157894735 -2.192982456140351 -2.175438596491228 
-3.6842105263157894 -3.5964912280701755 -3.5087719298245617 -3.4210526315789473 -3.3333333333333335 -3.245614035087719 -3.1578947368421053 -3.0701754385964914 -2.982456140350877 -2.894736842105263 -2.807017543859649 -2.719298245614035 -2.6315789473684212 -2.543859649122807 -2.456140350877193 -2.3684210526315788 -2.280701754385965 -2.192982456140351 -2.105263157894737 -2.087719298245614 
-3.6666666666666665 -3.5789473684210527 -3.4912280701754383 -3.4035087719298245 -3.3157894736842106 -3.2280701754385968 -3.1403508771929824 -3.0526315789473686 -2.9649122807017543 -2.8771929824561404 -2.7894736842105265 -2.7017543859649122 -2.614035087719298 -2.526315789473684 -2.43859649122807 -2.3508771929824563 -2.263157894736842 -2.175438596491228 -2.087719298245614 -2 

 12 |. . . . . 
 11 |. ┏━o . . 
 10 |. ┗━┓ . . 
  9 |. . ┃ . . 
  8 |. . ┗━┓ . 
  7 |. . o ┃ . 
  6 |. . ┃ ┃ . 
  5 |. . ┃ ┃ . 
  4 |. . ┗━┛ . 
  3 |. . . . . 
----|----------
    | 1 2 3 4 5

START: 4000
energy: -52.21929824561402
end_to_end: 4
temperature: 0.1
rog: 936.9233994375834
END: 4000
START: 4001
energy: -52.21929824561402
end_to_end: 4
temperature: 0.1
rog: 936.9233994375834
END: 4001
START: 4002
energy: -52.21929824561402
end_to_end: 4
temperature: 0.1
rog: 936.9233994375834
END: 4002
START: 4003
energy: -52.21929824561402
end_to_end: 4
temperature: 0.1
rog: 936.9233994375834
END: 4003
START: 4004
energy: -52.21929824561402
end_to_end: 4
temperature: 0.1
rog: 936.9233994375834
END: 4004
START: 4005
energy: -52.21929824561402
end_to_end: 4
temperature: 0.1
rog: 936.9233994375834
END: 4005
START: 4006
energy: -52.21929824561402
end_to_end: 4
temperature: 0.1
rog: 936.9233994375834
END: 4006
START: 4007
energy: -52.21929824561402
end_to_end: 4
temperature: 0.1
rog: 936.9233994375834
END: 4007
START: 4008
energy: -52.21929824561402
end_to_end: 4
temperature: 0.1
rog: 936.9233994375834
END: 4008
START: 4009
energy: -52.21929824561402
end_to_end: 4
temperature: 0.1
rog: 936.9233994375834
END: 4009
START: 4010
energy: -52.21929824561402
end_to_end: 4
temperature: 0.1
rog: 936.9233994375834
END: 4010
START: 4011
energy: -52.21929824561402
end_to_end: 4
temperature: 0.1
rog: 936.9233994375834
END: 4011
START: 4012
energy: -52.21929824561402
end_to_end: 4
temperature: 0.1
rog: 936.9233994375834
END: 4012
START: 4013
energy: -52.21929824561402
end_to_end: 4
temperature: 0.1
rog: 936.9233994375834
END: 4013
START: 4014
energy: -52.21929824561402
end_to_end: 4
temperature: 0.1
rog: 936.9233994375834
END: 4014
START: 4015
energy: -52.21929824561402
end_to_end: 4
temperature: 0.1
rog: 936.9233994375834
END: 4015
START: 4016
energy: -52.21929824561402
end_to_end: 4
temperature: 0.1
rog: 936.9233994375834
END: 4016
START: 4017
energy: -52.21929824561402
end_to_end: 4
temperature: 0.1
rog: 936.9233994375834
END: 4017
START: 4018
energy: -52.21929824561402
end_to_end: 4
temperature: 0.1
rog: 936.9233994375834
END: 4018
START: 4019
energy: -52.21929824561402
end_to_end: 4
temperature: 0.1
rog: 936.9233994375834
END: 4019
START: 4020
energy: -52.21929824561402
end_to_end: 4
temperature: 0.1
rog: 936.9233994375834
END: 4020
START: 4021
energy: -52.21929824561402
end_to_end: 4
temperature: 0.1
rog: 936.9233994375834
END: 4021
START: 4022
energy: -52.21929824561402
end_to_end: 4
temperature: 0.1
rog: 936.9233994375834
END: 4022
START: 4023
energy: -52.21929824561402
end_to_end: 4
temperature: 0.1
rog: 936.9233994375834
END: 4023
START: 4024
energy: -52.21929824561402
end_to_end: 4
temperature: 0.1
rog: 936.9233994375834
END: 4024
START: 4025
energy: -52.21929824561402
end_to_end: 4
temperature: 0.1
rog: 936.9233994375834
END: 4025
START: 4026
energy: -52.21929824561402
end_to_end: 4
temperature: 0.1
rog: 936.9233994375834
END: 4026
START: 4027
energy: -52.21929824561402
end_to_end: 4
temperature: 0.1
rog: 936.9233994375834
END: 4027
START: 4028
energy: -52.21929824561402
end_to_end: 4
temperature: 0.1
rog: 936.9233994375834
END: 4028
START: 4029
energy: -52.21929824561402
end_to_end: 4
temperature: 0.1
rog: 936.9233994375834
END: 4029
START: 4030
energy: -52.21929824561402
end_to_end: 4
temperature: 0.1
rog: 936.9233994375834
END: 4030
START: 4031
energy: -52.21929824561402
end_to_end: 4
temperature: 0.1
rog: 936.9233994375834
END: 4031
START: 4032
energy: -52.21929824561402
end_to_end: 4
temperature: 0.1
rog: 936.9233994375834
END: 4032
START: 4033
energy: -52.21929824561402
end_to_end: 4
temperature: 0.1
rog: 936.9233994375834
END: 4033
START: 4034
energy: -52.21929824561402
end_to_end: 4
temperature: 0.1
rog: 936.9233994375834
END: 4034
START: 4035
energy: -52.21929824561402
end_to_end: 4
temperature: 0.1
rog: 936.9233994375834
END: 4035
START: 4036
energy: -52.21929824561402
end_to_end: 4
temperature: 0.1
rog: 936.9233994375834
END: 4036
START: 4037
energy: -52.21929824561402
end_to_end: 4
temperature: 0.1
rog: 936.9233994375834
END: 4037
START: 4038
energy: -52.21929824561402
end_to_end: 4
temperature: 0.1
rog: 936.9233994375834
END: 4038
START: 4039
energy: -52.21929824561402
end_to_end: 4
temperature: 0.1
rog: 936.9233994375834
END: 4039
START: 4040
energy: -52.21929824561402
end_to_end: 4
temperature: 0.1
rog: 936.9233994375834
END: 4040
START: 4041
energy: -52.21929824561402
end_to_end: 4
temperature: 0.1
rog: 936.9233994375834
END: 4041
START: 4042
energy: -52.21929824561402
end_to_end: 4
temperature: 0.1
rog: 936.9233994375834
END: 4042
START: 4043
energy: -52.21929824561402
end_to_end: 4
temperature: 0.1
rog: 936.9233994375834
END: 4043
START: 4044
energy: -52.21929824561402
end_to_end: 4
temperature: 0.1
rog: 936.9233994375834
END: 4044
START: 4045
energy: -52.21929824561402
end_to_end: 4
temperature: 0.1
rog: 936.9233994375834
END: 4045
START: 4046
energy: -52.21929824561402
end_to_end: 4
temperature: 0.1
rog: 936.9233994375834
END: 4046
START: 4047
energy: -52.21929824561402
end_to_end: 4
temperature: 0.1
rog: 936.9233994375834
END: 4047
START: 4048
energy: -52.21929824561402
end_to_end: 4
temperature: 0.1
rog: 936.9233994375834
END: 4048
START: 4049
energy: -52.21929824561402
end_to_end: 4
temperature: 0.1
rog: 936.9233994375834
END: 4049
START: 4050
energy: -52.21929824561402
end_to_end: 4
temperature: 0.1
rog: 936.9233994375834
END: 4050
START: 4051
energy: -52.21929824561402
end_to_end: 4
temperature: 0.1
rog: 936.9233994375834
END: 4051
START: 4052
energy: -52.21929824561402
end_to_end: 4
temperature: 0.1
rog: 936.9233994375834
END: 4052
START: 4053
energy: -52.21929824561402
end_to_end: 4
temperature: 0.1
rog: 936.9233994375834
END: 4053
START: 4054
energy: -52.21929824561402
end_to_end: 4
temperature: 0.1
rog: 936.9233994375834
END: 4054
START: 4055
energy: -52.21929824561402
end_to_end: 4
temperature: 0.1
rog: 936.9233994375834
END: 4055
START: 4056
energy: -52.21929824561402
end_to_end: 4
temperature: 0.1
rog: 936.9233994375834
END: 4056
START: 4057
energy: -52.21929824561402
end_to_end: 4
temperature: 0.1
rog: 936.9233994375834
END: 4057
START: 4058
energy: -52.21929824561402
end_to_end: 4
temperature: 0.1
rog: 936.9233994375834
END: 4058
START: 4059
energy: -52.21929824561402
end_to_end: 4
temperature: 0.1
rog: 936.9233994375834
END: 4059
START: 4060
energy: -52.21929824561402
end_to_end: 4
temperature: 0.1
rog: 936.9233994375834
END: 4060
START: 4061
energy: -52.21929824561402
end_to_end: 4
temperature: 0.1
rog: 936.9233994375834
END: 4061
START: 4062
energy: -52.21929824561402
end_to_end: 4
temperature: 0.1
rog: 936.9233994375834
END: 4062
START: 4063
energy: -52.21929824561402
end_to_end: 4
temperature: 0.1
rog: 936.9233994375834
END: 4063
START: 4064
energy: -52.21929824561402
end_to_end: 4
temperature: 0.1
rog: 936.9233994375834
END: 4064
START: 4065
energy: -52.21929824561402
end_to_end: 4
temperature: 0.1
rog: 936.9233994375834
END: 4065
START: 4066
energy: -52.21929824561402
end_to_end: 4
temperature: 0.1
rog: 936.9233994375834
END: 4066
START: 4067
energy: -52.21929824561402
end_to_end: 4
temperature: 0.1
rog: 936.9233994375834
END: 4067
START: 4068
energy: -52.21929824561402
end_to_end: 4
temperature: 0.1
rog: 936.9233994375834
END: 4068
START: 4069
energy: -52.21929824561402
end_to_end: 4
temperature: 0.1
rog: 936.9233994375834
END: 4069
START: 4070
energy: -52.21929824561402
end_to_end: 4
temperature: 0.1
rog: 936.9233994375834
END: 4070
START: 4071
energy: -52.21929824561402
end_to_end: 4
temperature: 0.1
rog: 936.9233994375834
END: 4071
START: 4072
energy: -52.21929824561402
end_to_end: 4
temperature: 0.1
rog: 936.9233994375834
END: 4072
START: 4073
energy: -52.21929824561402
end_to_end: 4
temperature: 0.1
rog: 936.9233994375834
END: 4073
START: 4074
energy: -52.21929824561402
end_to_end: 4
temperature: 0.1
rog: 936.9233994375834
END: 4074
START: 4075
energy: -52.21929824561402
end_to_end: 4
temperature: 0.1
rog: 936.9233994375834
END: 4075
START: 4076
energy: -52.21929824561402
end_to_end: 4
temperature: 0.1
rog: 936.9233994375834
END: 4076
START: 4077
energy: -52.21929824561402
end_to_end: 4
temperature: 0.1
rog: 936.9233994375834
END: 4077
START: 4078
energy: -52.21929824561402
end_to_end: 4
temperature: 0.1
rog: 936.9233994375834
END: 4078
START: 4079
energy: -52.21929824561402
end_to_end: 4
temperature: 0.1
rog: 936.9233994375834
END: 4079
START: 4080
energy: -52.21929824561402
end_to_end: 4
temperature: 0.1
rog: 936.9233994375834
END: 4080
START: 4081
energy: -52.21929824561402
end_to_end: 4
temperature: 0.1
rog: 936.9233994375834
END: 4081
START: 4082
energy: -52.21929824561402
end_to_end: 4
temperature: 0.1
rog: 936.9233994375834
END: 4082
START: 4083
energy: -52.21929824561402
end_to_end: 4
temperature: 0.1
rog: 936.9233994375834
END: 4083
START: 4084
energy: -52.21929824561402
end_to_end: 4
temperature: 0.1
rog: 936.9233994375834
END: 4084
START: 4085
energy: -52.21929824561402
end_to_end: 4
temperature: 0.1
rog: 936.9233994375834
END: 4085
START: 4086
energy: -52.21929824561402
end_to_end: 4
temperature: 0.1
rog: 936.9233994375834
END: 4086
START: 4087
energy: -52.21929824561402
end_to_end: 4
temperature: 0.1
rog: 936.9233994375834
END: 4087
START: 4088
energy: -52.21929824561402
end_to_end: 4
temperature: 0.1
rog: 936.9233994375834
END: 4088
START: 4089
energy: -52.21929824561402
end_to_end: 4
temperature: 0.1
rog: 936.9233994375834
END: 4089
START: 4090
energy: -52.21929824561402
end_to_end: 4
temperature: 0.1
rog: 936.9233994375834
END: 4090
START: 4091
energy: -52.21929824561402
end_to_end: 4
temperature: 0.1
rog: 936.9233994375834
END: 4091
START: 4092
energy: -52.21929824561402
end_to_end: 4
temperature: 0.1
rog: 936.9233994375834
END: 4092
START: 4093
energy: -52.21929824561402
end_to_end: 4
temperature: 0.1
rog: 936.9233994375834
END: 4093
START: 4094
energy: -52.21929824561402
end_to_end: 4
temperature: 0.1
rog: 936.9233994375834
END: 4094
START: 4095
energy: -52.21929824561402
end_to_end: 4
temperature: 0.1
rog: 936.9233994375834
END: 4095
START: 4096
energy: -52.21929824561402
end_to_end: 4
temperature: 0.1
rog: 936.9233994375834
END: 4096
START: 4097
energy: -52.21929824561402
end_to_end: 4
temperature: 0.1
rog: 936.9233994375834
END: 4097
START: 4098
energy: -52.21929824561402
end_to_end: 4
temperature: 0.1
rog: 936.9233994375834
END: 4098
START: 4099
energy: -52.21929824561402
end_to_end: 4
temperature: 0.1
rog: 936.9233994375834
END: 4099
START: 4100
energy: -52.21929824561402
end_to_end: 4
temperature: 0.1
rog: 936.9233994375834
END: 4100
START: 4101
energy: -52.21929824561402
end_to_end: 4
temperature: 0.1
rog: 936.9233994375834
END: 4101
START: 4102
energy: -52.21929824561402
end_to_end: 4
temperature: 0.1
rog: 936.9233994375834
END: 4102
START: 4103
energy: -52.21929824561402
end_to_end: 4
temperature: 0.1
rog: 936.9233994375834
END: 4103
START: 4104
energy: -52.21929824561402
end_to_end: 4
temperature: 0.1
rog: 936.9233994375834
END: 4104
START: 4105
energy: -52.21929824561402
end_to_end: 4
temperature: 0.1
rog: 936.9233994375834
END: 4105
START: 4106
energy: -52.21929824561402
end_to_end: 4
temperature: 0.1
rog: 936.9233994375834
END: 4106
START: 4107
energy: -52.21929824561402
end_to_end: 4
temperature: 0.1
rog: 936.9233994375834
END: 4107
START: 4108
energy: -52.21929824561402
end_to_end: 4
temperature: 0.1
rog: 936.9233994375834
END: 4108
START: 4109
energy: -52.21929824561402
end_to_end: 4
temperature: 0.1
rog: 936.9233994375834
END: 4109
START: 4110
energy: -52.21929824561402
end_to_end: 4
temperature: 0.1
rog: 936.9233994375834
END: 4110
START: 4111
energy: -52.21929824561402
end_to_end: 4
temperature: 0.1
rog: 936.9233994375834
END: 4111
START: 4112
energy: -52.21929824561402
end_to_end: 4
temperature: 0.1
rog: 936.9233994375834
END: 4112
START: 4113
energy: -52.21929824561402
end_to_end: 4
temperature: 0.1
rog: 936.9233994375834
END: 4113
START: 4114
energy: -52.21929824561402
end_to_end: 4
temperature: 0.1
rog: 936.9233994375834
END: 4114
START: 4115
energy: -52.21929824561402
end_to_end: 4
temperature: 0.1
rog: 936.9233994375834
END: 4115
START: 4116
energy: -52.21929824561402
end_to_end: 4
temperature: 0.1
rog: 936.9233994375834
END: 4116
START: 4117
energy: -52.21929824561402
end_to_end: 4
temperature: 0.1
rog: 936.9233994375834
END: 4117
START: 4118
energy: -52.21929824561402
end_to_end: 4
temperature: 0.1
rog: 936.9233994375834
END: 4118
START: 4119
energy: -52.21929824561402
end_to_end: 4
temperature: 0.1
rog: 936.9233994375834
END: 4119
START: 4120
energy: -52.21929824561402
end_to_end: 4
temperature: 0.1
rog: 936.9233994375834
END: 4120
START: 4121
energy: -52.21929824561402
end_to_end: 4
temperature: 0.1
rog: 936.9233994375834
END: 4121
START: 4122
energy: -52.21929824561402
end_to_end: 4
temperature: 0.1
rog: 936.9233994375834
END: 4122
START: 4123
energy: -52.21929824561402
end_to_end: 4
temperature: 0.1
rog: 936.9233994375834
END: 4123
START: 4124
energy: -52.21929824561402
end_to_end: 4
temperature: 0.1
rog: 936.9233994375834
END: 4124
START: 4125
energy: -52.21929824561402
end_to_end: 4
temperature: 0.1
rog: 936.9233994375834
END: 4125
START: 4126
energy: -52.21929824561402
end_to_end: 4
temperature: 0.1
rog: 936.9233994375834
END: 4126
START: 4127
energy: -52.21929824561402
end_to_end: 4
temperature: 0.1
rog: 936.9233994375834
END: 4127
START: 4128
energy: -52.21929824561402
end_to_end: 4
temperature: 0.1
rog: 936.9233994375834
END: 4128
START: 4129
energy: -52.21929824561402
end_to_end: 4
temperature: 0.1
rog: 936.9233994375834
END: 4129
START: 4130
energy: -52.21929824561402
end_to_end: 4
temperature: 0.1
rog: 936.9233994375834
END: 4130
START: 4131
energy: -52.21929824561402
end_to_end: 4
temperature: 0.1
rog: 936.9233994375834
END: 4131
START: 4132
energy: -52.21929824561402
end_to_end: 4
temperature: 0.1
rog: 936.9233994375834
END: 4132
START: 4133
energy: -52.21929824561402
end_to_end: 4
temperature: 0.1
rog: 936.9233994375834
END: 4133
START: 4134
energy: -52.21929824561402
end_to_end: 4
temperature: 0.1
rog: 936.9233994375834
END: 4134
START: 4135
energy: -52.21929824561402
end_to_end: 4
temperature: 0.1
rog: 936.9233994375834
END: 4135
START: 4136
energy: -52.21929824561402
end_to_end: 4
temperature: 0.1
rog: 936.9233994375834
END: 4136
START: 4137
energy: -52.21929824561402
end_to_end: 4
temperature: 0.1
rog: 936.9233994375834
END: 4137
START: 4138
energy: -52.21929824561402
end_to_end: 4
temperature: 0.1
rog: 936.9233994375834
END: 4138
START: 4139
energy: -52.21929824561402
end_to_end: 4
temperature: 0.1
rog: 936.9233994375834
END: 4139
START: 4140
energy: -52.21929824561402
end_to_end: 4
temperature: 0.1
rog: 936.9233994375834
END: 4140
START: 4141
energy: -52.21929824561402
end_to_end: 4
temperature: 0.1
rog: 936.9233994375834
END: 4141
START: 4142
energy: -52.21929824561402
end_to_end: 4
temperature: 0.1
rog: 936.9233994375834
END: 4142
START: 4143
energy: -52.21929824561402
end_to_end: 4
temperature: 0.1
rog: 936.9233994375834
END: 4143
START: 4144
energy: -52.21929824561402
end_to_end: 4
temperature: 0.1
rog: 936.9233994375834
END: 4144
START: 4145
energy: -52.21929824561402
end_to_end: 4
temperature: 0.1
rog: 936.9233994375834
END: 4145
START: 4146
energy: -52.21929824561402
end_to_end: 4
temperature: 0.1
rog: 936.9233994375834
END: 4146
START: 4147
energy: -52.21929824561402
end_to_end: 4
temperature: 0.1
rog: 936.9233994375834
END: 4147
START: 4148
energy: -52.21929824561402
end_to_end: 4
temperature: 0.1
rog: 936.9233994375834
END: 4148
START: 4149
energy: -52.21929824561402
end_to_end: 4
temperature: 0.1
rog: 936.9233994375834
END: 4149
START: 4150
energy: -52.21929824561402
end_to_end: 4
temperature: 0.1
rog: 936.9233994375834
END: 4150
START: 4151
energy: -52.21929824561402
end_to_end: 4
temperature: 0.1
rog: 936.9233994375834
END: 4151
START: 4152
energy: -52.21929824561402
end_to_end: 4
temperature: 0.1
rog: 936.9233994375834
END: 4152
START: 4153
energy: -52.21929824561402
end_to_end: 4
temperature: 0.1
rog: 936.9233994375834
END: 4153
START: 4154
energy: -52.21929824561402
end_to_end: 4
temperature: 0.1
rog: 936.9233994375834
END: 4154
START: 4155
energy: -52.21929824561402
end_to_end: 4
temperature: 0.1
rog: 936.9233994375834
END: 4155
START: 4156
energy: -52.21929824561402
end_to_end: 4
temperature: 0.1
rog: 936.9233994375834
END: 4156
START: 4157
energy: -52.21929824561402
end_to_end: 4
temperature: 0.1
rog: 936.9233994375834
END: 4157
START: 4158
energy: -52.21929824561402
end_to_end: 4
temperature: 0.1
rog: 936.9233994375834
END: 4158
START: 4159
energy: -52.21929824561402
end_to_end: 4
temperature: 0.1
rog: 936.9233994375834
END: 4159
START: 4160
energy: -52.21929824561402
end_to_end: 4
temperature: 0.1
rog: 936.9233994375834
END: 4160
START: 4161
energy: -52.21929824561402
end_to_end: 4
temperature: 0.1
rog: 936.9233994375834
END: 4161
START: 4162
energy: -52.21929824561402
end_to_end: 4
temperature: 0.1
rog: 936.9233994375834
END: 4162
START: 4163
energy: -52.21929824561402
end_to_end: 4
temperature: 0.1
rog: 936.9233994375834
END: 4163
START: 4164
energy: -52.21929824561402
end_to_end: 4
temperature: 0.1
rog: 936.9233994375834
END: 4164
START: 4165
energy: -52.21929824561402
end_to_end: 4
temperature: 0.1
rog: 936.9233994375834
END: 4165
START: 4166
energy: -52.21929824561402
end_to_end: 4
temperature: 0.1
rog: 936.9233994375834
END: 4166
START: 4167
energy: -52.21929824561402
end_to_end: 4
temperature: 0.1
rog: 936.9233994375834
END: 4167
START: 4168
energy: -52.21929824561402
end_to_end: 4
temperature: 0.1
rog: 936.9233994375834
END: 4168
START: 4169
energy: -52.21929824561402
end_to_end: 4
temperature: 0.1
rog: 936.9233994375834
END: 4169
START: 4170
energy: -52.21929824561402
end_to_end: 4
temperature: 0.1
rog: 936.9233994375834
END: 4170
START: 4171
energy: -52.21929824561402
end_to_end: 4
temperature: 0.1
rog: 936.9233994375834
END: 4171
START: 4172
energy: -52.21929824561402
end_to_end: 4
temperature: 0.1
rog: 936.9233994375834
END: 4172
START: 4173
energy: -52.21929824561402
end_to_end: 4
temperature: 0.1
rog: 936.9233994375834
END: 4173
START: 4174
energy: -52.21929824561402
end_to_end: 4
temperature: 0.1
rog: 936.9233994375834
END: 4174
START: 4175
energy: -52.21929824561402
end_to_end: 4
temperature: 0.1
rog: 936.9233994375834
END: 4175
START: 4176
energy: -52.21929824561402
end_to_end: 4
temperature: 0.1
rog: 936.9233994375834
END: 4176
START: 4177
energy: -52.21929824561402
end_to_end: 4
temperature: 0.1
rog: 936.9233994375834
END: 4177
START: 4178
energy: -52.21929824561402
end_to_end: 4
temperature: 0.1
rog: 936.9233994375834
END: 4178
START: 4179
energy: -52.21929824561402
end_to_end: 4
temperature: 0.1
rog: 936.9233994375834
END: 4179
START: 4180
energy: -52.21929824561402
end_to_end: 4
temperature: 0.1
rog: 936.9233994375834
END: 4180
START: 4181
energy: -52.21929824561402
end_to_end: 4
temperature: 0.1
rog: 936.9233994375834
END: 4181
START: 4182
energy: -52.21929824561402
end_to_end: 4
temperature: 0.1
rog: 936.9233994375834
END: 4182
START: 4183
energy: -52.21929824561402
end_to_end: 4
temperature: 0.1
rog: 936.9233994375834
END: 4183
START: 4184
energy: -52.21929824561402
end_to_end: 4
temperature: 0.1
rog: 936.9233994375834
END: 4184
START: 4185
energy: -52.21929824561402
end_to_end: 4
temperature: 0.1
rog: 936.9233994375834
END: 4185
START: 4186
energy: -52.21929824561402
end_to_end: 4
temperature: 0.1
rog: 936.9233994375834
END: 4186
START: 4187
energy: -52.21929824561402
end_to_end: 4
temperature: 0.1
rog: 936.9233994375834
END: 4187
START: 4188
energy: -52.21929824561402
end_to_end: 4
temperature: 0.1
rog: 936.9233994375834
END: 4188
START: 4189
energy: -52.21929824561402
end_to_end: 4
temperature: 0.1
rog: 936.9233994375834
END: 4189
START: 4190
energy: -52.21929824561402
end_to_end: 4
temperature: 0.1
rog: 936.9233994375834
END: 4190
START: 4191
energy: -52.21929824561402
end_to_end: 4
temperature: 0.1
rog: 936.9233994375834
END: 4191
START: 4192
energy: -52.21929824561402
end_to_end: 4
temperature: 0.1
rog: 936.9233994375834
END: 4192
START: 4193
energy: -52.21929824561402
end_to_end: 4
temperature: 0.1
rog: 936.9233994375834
END: 4193
START: 4194
energy: -52.21929824561402
end_to_end: 4
temperature: 0.1
rog: 936.9233994375834
END: 4194
START: 4195
energy: -52.21929824561402
end_to_end: 4
temperature: 0.1
rog: 936.9233994375834
END: 4195
START: 4196
energy: -52.21929824561402
end_to_end: 4
temperature: 0.1
rog: 936.9233994375834
END: 4196
START: 4197
energy: -52.21929824561402
end_to_end: 4
temperature: 0.1
rog: 936.9233994375834
END: 4197
START: 4198
energy: -52.21929824561402
end_to_end: 4
temperature: 0.1
rog: 936.9233994375834
END: 4198
START: 4199
energy: -52.21929824561402
end_to_end: 4
temperature: 0.1
rog: 936.9233994375834
END: 4199
START: 4200
energy: -52.21929824561402
end_to_end: 4
temperature: 0.1
rog: 936.9233994375834
END: 4200
START: 4201
energy: -52.21929824561402
end_to_end: 4
temperature: 0.1
rog: 936.9233994375834
END: 4201
START: 4202
energy: -52.21929824561402
end_to_end: 4
temperature: 0.1
rog: 936.9233994375834
END: 4202
START: 4203
energy: -52.21929824561402
end_to_end: 4
temperature: 0.1
rog: 936.9233994375834
END: 4203
START: 4204
energy: -52.21929824561402
end_to_end: 4
temperature: 0.1
rog: 936.9233994375834
END: 4204
START: 4205
energy: -52.21929824561402
end_to_end: 4
temperature: 0.1
rog: 936.9233994375834
END: 4205
START: 4206
energy: -52.21929824561402
end_to_end: 4
temperature: 0.1
rog: 936.9233994375834
END: 4206
START: 4207
energy: -52.21929824561402
end_to_end: 4
temperature: 0.1
rog: 936.9233994375834
END: 4207
START: 4208
energy: -52.21929824561402
end_to_end: 4
temperature: 0.1
rog: 936.9233994375834
END: 4208
START: 4209
energy: -52.21929824561402
end_to_end: 4
temperature: 0.1
rog: 936.9233994375834
END: 4209
START: 4210
energy: -52.21929824561402
end_to_end: 4
temperature: 0.1
rog: 936.9233994375834
END: 4210
START: 4211
energy: -52.21929824561402
end_to_end: 4
temperature: 0.1
rog: 936.9233994375834
END: 4211
START: 4212
energy: -52.21929824561402
end_to_end: 4
temperature: 0.1
rog: 936.9233994375834
END: 4212
START: 4213
energy: -52.21929824561402
end_to_end: 4
temperature: 0.1
rog: 936.9233994375834
END: 4213
START: 4214
energy: -52.21929824561402
end_to_end: 4
temperature: 0.1
rog: 936.9233994375834
END: 4214
START: 4215
energy: -52.21929824561402
end_to_end: 4
temperature: 0.1
rog: 936.9233994375834
END: 4215
START: 4216
energy: -52.21929824561402
end_to_end: 4
temperature: 0.1
rog: 936.9233994375834
END: 4216
START: 4217
energy: -52.21929824561402
end_to_end: 4
temperature: 0.1
rog: 936.9233994375834
END: 4217
START: 4218
energy: -52.21929824561402
end_to_end: 4
temperature: 0.1
rog: 936.9233994375834
END: 4218
START: 4219
energy: -52.21929824561402
end_to_end: 4
temperature: 0.1
rog: 936.9233994375834
END: 4219
START: 4220
energy: -52.21929824561402
end_to_end: 4
temperature: 0.1
rog: 936.9233994375834
END: 4220
START: 4221
energy: -52.21929824561402
end_to_end: 4
temperature: 0.1
rog: 936.9233994375834
END: 4221
START: 4222
energy: -52.21929824561402
end_to_end: 4
temperature: 0.1
rog: 936.9233994375834
END: 4222
START: 4223
energy: -52.21929824561402
end_to_end: 4
temperature: 0.1
rog: 936.9233994375834
END: 4223
START: 4224
energy: -52.21929824561402
end_to_end: 4
temperature: 0.1
rog: 936.9233994375834
END: 4224
START: 4225
energy: -52.21929824561402
end_to_end: 4
temperature: 0.1
rog: 936.9233994375834
END: 4225
START: 4226
energy: -52.21929824561402
end_to_end: 4
temperature: 0.1
rog: 936.9233994375834
END: 4226
START: 4227
energy: -52.21929824561402
end_to_end: 4
temperature: 0.1
rog: 936.9233994375834
END: 4227
START: 4228
energy: -52.21929824561402
end_to_end: 4
temperature: 0.1
rog: 936.9233994375834
END: 4228
START: 4229
energy: -52.21929824561402
end_to_end: 4
temperature: 0.1
rog: 936.9233994375834
END: 4229
START: 4230
energy: -52.21929824561402
end_to_end: 4
temperature: 0.1
rog: 936.9233994375834
END: 4230
START: 4231
energy: -52.21929824561402
end_to_end: 4
temperature: 0.1
rog: 936.9233994375834
END: 4231
START: 4232
energy: -52.21929824561402
end_to_end: 4
temperature: 0.1
rog: 936.9233994375834
END: 4232
START: 4233
energy: -52.21929824561402
end_to_end: 4
temperature: 0.1
rog: 936.9233994375834
END: 4233
START: 4234
energy: -52.21929824561402
end_to_end: 4
temperature: 0.1
rog: 936.9233994375834
END: 4234
START: 4235
energy: -52.21929824561402
end_to_end: 4
temperature: 0.1
rog: 936.9233994375834
END: 4235
START: 4236
energy: -52.21929824561402
end_to_end: 4
temperature: 0.1
rog: 936.9233994375834
END: 4236
START: 4237
energy: -52.21929824561402
end_to_end: 4
temperature: 0.1
rog: 936.9233994375834
END: 4237
START: 4238
energy: -52.21929824561402
end_to_end: 4
temperature: 0.1
rog: 936.9233994375834
END: 4238
START: 4239
energy: -52.21929824561402
end_to_end: 4
temperature: 0.1
rog: 936.9233994375834
END: 4239
START: 4240
energy: -52.21929824561402
end_to_end: 4
temperature: 0.1
rog: 936.9233994375834
END: 4240
START: 4241
energy: -52.21929824561402
end_to_end: 4
temperature: 0.1
rog: 936.9233994375834
END: 4241
START: 4242
energy: -52.21929824561402
end_to_end: 4
temperature: 0.1
rog: 936.9233994375834
END: 4242
START: 4243
energy: -52.21929824561402
end_to_end: 4
temperature: 0.1
rog: 936.9233994375834
END: 4243
START: 4244
energy: -52.21929824561402
end_to_end: 4
temperature: 0.1
rog: 936.9233994375834
END: 4244
START: 4245
energy: -52.21929824561402
end_to_end: 4
temperature: 0.1
rog: 936.9233994375834
END: 4245
START: 4246
energy: -52.21929824561402
end_to_end: 4
temperature: 0.1
rog: 936.9233994375834
END: 4246
START: 4247
energy: -52.21929824561402
end_to_end: 4
temperature: 0.1
rog: 936.9233994375834
END: 4247
START: 4248
energy: -52.21929824561402
end_to_end: 4
temperature: 0.1
rog: 936.9233994375834
END: 4248
START: 4249
energy: -52.21929824561402
end_to_end: 4
temperature: 0.1
rog: 936.9233994375834
END: 4249
START: 4250
energy: -52.21929824561402
end_to_end: 4
temperature: 0.1
rog: 936.9233994375834
END: 4250
START: 4251
energy: -52.21929824561402
end_to_end: 4
temperature: 0.1
rog: 936.9233994375834
END: 4251
START: 4252
energy: -52.21929824561402
end_to_end: 4
temperature: 0.1
rog: 936.9233994375834
END: 4252
START: 4253
energy: -52.21929824561402
end_to_end: 4
temperature: 0.1
rog: 936.9233994375834
END: 4253
START: 4254
energy: -52.21929824561402
end_to_end: 4
temperature: 0.1
rog: 936.9233994375834
END: 4254
START: 4255
energy: -52.21929824561402
end_to_end: 4
temperature: 0.1
rog: 936.9233994375834
END: 4255
START: 4256
energy: -52.21929824561402
end_to_end: 4
temperature: 0.1
rog: 936.9233994375834
END: 4256
START: 4257
energy: -52.21929824561402
end_to_end: 4
temperature: 0.1
rog: 936.9233994375834
END: 4257
START: 4258
energy: -52.21929824561402
end_to_end: 4
temperature: 0.1
rog: 936.9233994375834
END: 4258
START: 4259
energy: -52.21929824561402
end_to_end: 4
temperature: 0.1
rog: 936.9233994375834
END: 4259
START: 4260
energy: -52.21929824561402
end_to_end: 4
temperature: 0.1
rog: 936.9233994375834
END: 4260
START: 4261
energy: -52.21929824561402
end_to_end: 4
temperature: 0.1
rog: 936.9233994375834
END: 4261
START: 4262
energy: -52.21929824561402
end_to_end: 4
temperature: 0.1
rog: 936.9233994375834
END: 4262
START: 4263
energy: -52.21929824561402
end_to_end: 4
temperature: 0.1
rog: 936.9233994375834
END: 4263
START: 4264
energy: -52.21929824561402
end_to_end: 4
temperature: 0.1
rog: 936.9233994375834
END: 4264
START: 4265
energy: -52.21929824561402
end_to_end: 4
temperature: 0.1
rog: 936.9233994375834
END: 4265
START: 4266
energy: -52.21929824561402
end_to_end: 4
temperature: 0.10008001761158974
rog: 936.9233994375834
END: 4266
START: 4267
energy: -52.21929824561402
end_to_end: 4
temperature: 0.10023298779986711
rog: 936.9233994375834
END: 4267
START: 4268
energy: -52.21929824561402
end_to_end: 4
temperature: 0.10038619179983896
rog: 936.9233994375834
END: 4268
START: 4269
energy: -52.21929824561402
end_to_end: 4
temperature: 0.10053962996888151
rog: 936.9233994375834
END: 4269
START: 4270
energy: -52.21929824561402
end_to_end: 4
temperature: 0.10069330266491723
rog: 936.9233994375834
END: 4270
START: 4271
energy: -52.21929824561402
end_to_end: 4
temperature: 0.10084721024641569
rog: 936.9233994375834
END: 4271
START: 4272
energy: -52.21929824561402
end_to_end: 4
temperature: 0.10100135307239438
rog: 936.9233994375834
END: 4272
START: 4273
energy: -52.21929824561402
end_to_end: 4
temperature: 0.1011557315024194
rog: 936.9233994375834
END: 4273
START: 4274
energy: -52.21929824561402
end_to_end: 4
temperature: 0.10131034589660659
rog: 936.9233994375834
END: 4274
START: 4275
energy: -52.21929824561402
end_to_end: 4
temperature: 0.10146519661562219
rog: 936.9233994375834
END: 4275
START: 4276
energy: -52.21929824561402
end_to_end: 4
temperature: 0.10162028402068378
rog: 936.9233994375834
END: 4276
START: 4277
energy: -52.21929824561402
end_to_end: 4
temperature: 0.1017756084735608
rog: 936.9233994375834
END: 4277
START: 4278
energy: -52.21929824561402
end_to_end: 4
temperature: 0.10193117033657591
rog: 936.9233994375834
END: 4278
START: 4279
energy: -52.21929824561402
end_to_end: 4
temperature: 0.10208696997260548
rog: 936.9233994375834
END: 4279
START: 4280
energy: -52.21929824561402
end_to_end: 4
temperature: 0.1022430077450806
rog: 936.9233994375834
END: 4280
START: 4281
energy: -52.21929824561402
end_to_end: 4
temperature: 0.10239928401798762
rog: 936.9233994375834
END: 4281
START: 4282
energy: -52.21929824561402
end_to_end: 4
temperature: 0.1025557991558695
rog: 936.9233994375834
END: 4282
START: 4283
energy: -52.21929824561402
end_to_end: 4
temperature: 0.10271255352382638
rog: 936.9233994375834
END: 4283
START: 4284
energy: -52.21929824561402
end_to_end: 4
temperature: 0.10286954748751619
rog: 936.9233994375834
END: 4284
START: 4285
energy: -52.21929824561402
end_to_end: 4
temperature: 0.103026781413156
rog: 936.9233994375834
END: 4285
START: 4286
energy: -52.21929824561402
end_to_end: 4
temperature: 0.10318425566752258
rog: 936.9233994375834
END: 4286
START: 4287
energy: -52.21929824561402
end_to_end: 4
temperature: 0.10334197061795343
rog: 936.9233994375834
END: 4287
START: 4288
energy: -52.21929824561402
end_to_end: 4
temperature: 0.10349992663234717
rog: 936.9233994375834
END: 4288
START: 4289
energy: -52.21929824561402
end_to_end: 4
temperature: 0.10365812407916507
rog: 936.9233994375834
END: 4289
START: 4290
energy: -52.21929824561402
end_to_end: 4
temperature: 0.10381656332743146
rog: 936.9233994375834
END: 4290
START: 4291
energy: -52.21929824561402
end_to_end: 4
temperature: 0.10397524474673485
rog: 936.9233994375834
END: 4291
START: 4292
energy: -52.21929824561402
end_to_end: 4
temperature: 0.10413416870722833
rog: 936.9233994375834
END: 4292
START: 4293
energy: -52.21929824561402
end_to_end: 4
temperature: 0.10429333557963111
rog: 936.9233994375834
END: 4293
START: 4294
energy: -52.21929824561402
end_to_end: 4
temperature: 0.10445274573522878
rog: 936.9233994375834
END: 4294
START: 4295
energy: -52.21929824561402
end_to_end: 4
temperature: 0.10461239954587484
rog: 936.9233994375834
END: 4295
START: 4296
energy: -52.21929824561402
end_to_end: 4
temperature: 0.10477229738399058
rog: 936.9233994375834
END: 4296
START: 4297
energy: -52.21929824561402
end_to_end: 4
temperature: 0.10493243962256693
rog: 936.9233994375834
END: 4297
START: 4298
energy: -52.21929824561402
end_to_end: 4
temperature: 0.10509282663516492
rog: 936.9233994375834
END: 4298
START: 4299
energy: -52.21929824561402
end_to_end: 4
temperature: 0.10525345879591624
rog: 936.9233994375834
END: 4299
START: 4300
energy: -52.21929824561402
end_to_end: 4
temperature: 0.10541433647952479
rog: 936.9233994375834
END: 4300
START: 4301
energy: -52.21929824561402
end_to_end: 4
temperature: 0.10557546006126703
rog: 936.9233994375834
END: 4301
START: 4302
energy: -52.21929824561402
end_to_end: 4
temperature: 0.10573682991699317
rog: 936.9233994375834
END: 4302
START: 4303
energy: -52.21929824561402
end_to_end: 4
temperature: 0.10589844642312755
rog: 936.9233994375834
END: 4303
START: 4304
energy: -52.21929824561402
end_to_end: 4
temperature: 0.10606030995667023
rog: 936.9233994375834
END: 4304
START: 4305
