-4 -3.982456140350877 -3.9649122807017543 -3.9473684210526314 -3.9298245614035086 -3.912280701754386 -3.8947368421052633 -3.8771929824561404 -3.8596491228070176 -3.8421052631578947 -3.824561403508772 -3.807017543859649 -3.7894736842105265 -3.7719298245614037 -3.754385964912281 -3.736842105263158 -3.719298245614035 -3.7017543859649122 -3.6842105263157894 -3.6666666666666665 
-3.982456140350877 -3.8947368421052633 -3.8771929824561404 -3.8596491228070176 -3.8421052631578947 -3.824561403508772 -3.807017543859649 -3.7894736842105265 -3.7719298245614037 -3.754385964912281 -3.736842105263158 -3.719298245614035 -3.7017543859649122 -3.6842105263157894 -3.6666666666666665 -3.6491228070175437 -3.6315789473684212 -3.6140350877192984 -3.5964912280701755 -3.5789473684210527 
-3.9649122807017543 -3.8771929824561404 -3.7894736842105265 -3.7719298245614037 -3.754385964912281 -3.736842105263158 -3.719298245614035 -3.7017543859649122 -3.6842105263157894 -3.6666666666666665 -3.6491228070175437 -3.6315789473684212 -3.6140350877192984 -3.5964912280701755 -3.5789473684210527 -3.56140350877193 -3.543859649122807 -3.526315789473684 -3.5087719298245617 -3.4912280701754383 
-3.9473684210526314 -3.8596491228070176 -3.7719298245614037 -3.6842105263157894 -3.6666666666666665 -3.6491228070175437 -3.6315789473684212 -3.6140350877192984 -3.5964912280701755 -3.5789473684210527 -3.56140350877193 -3.543859649122807 -3.526315789473684 -3.5087719298245617 -3.4912280701754383 -3.473684210526316 -3.456140350877193 -3.43859649122807 -3.4210526315789473 -3.4035087719298245 
-3.9298245614035086 -3.8421052631578947 -3.754385964912281 -3.6666666666666665 -3.5789473684210527 -3.56140350877193 -3.543859649122807 -3.526315789473684 -3.5087719298245617 -3.4912280701754383 -3.473684210526316 -3.456140350877193 -3.43859649122807 -3.4210526315789473 -3.4035087719298245 -3.3859649122807016 -3.3684210526315788 -3.3508771929824563 -3.3333333333333335 -3.3157894736842106 
-3.912280701754386 -3.824561403508772 -3.736842105263158 -3.6491228070175437 -3.56140350877193 -3.473684210526316 -3.456140350877193 -3.43859649122807 -3.4210526315789473 -3.4035087719298245 -3.3859649122807016 -3.3684210526315788 -3.3508771929824563 -3.3333333333333335 -3.3157894736842106 -3.2982456140350878 -3.280701754385965 -3.263157894736842 -3.245614035087719 -3.2280701754385968 
-3.8947368421052633 -3.807017543859649 -3.719298245614035 -3.6315789473684212 -3.543859649122807 -3.456140350877193 -3.3684210526315788 -3.3508771929824563 -3.3333333333333335 -3.3157894736842106 -3.2982456140350878 -3.280701754385965 -3.263157894736842 -3.245614035087719 -3.2280701754385968 -3.2105263157894735 -3.192982456140351 -3.175438596491228 -3.1578947368421053 -3.1403508771929824 
-3.8771929824561404 -3.7894736842105265 -3.7017543859649122 -3.6140350877192984 -3.526315789473684 -3.43859649122807 -3.3508771929824563 -3.263157894736842 -3.245614035087719 -3.2280701754385968 -3.2105263157894735 -3.192982456140351 -3.175438596491228 -3.1578947368421053 -3.1403508771929824 -3.1228070175438596 -3.1052631578947367 -3.087719298245614 -3.0701754385964914 -3.0526315789473686 
-3.8596491228070176 -3.7719298245614037 -3.6842105263157894 -3.5964912280701755 -3.5087719298245617 -3.4210526315789473 -3.3333333333333335 -3.245614035087719 -3.1578947368421053 -3.1403508771929824 -3.1228070175438596 -3.1052631578947367 -3.087719298245614 -3.0701754385964914 -3.0526315789473686 -3.0350877192982457 -3.017543859649123 -3 -2.982456140350877 -2.9649122807017543 
-3.8421052631578947 -3.754385964912281 -3.6666666666666665 -3.5789473684210527 -3.4912280701754383 -3.4035087719298245 -3.3157894736842106 -3.2280701754385968 -3.1403508771929824 -3.0526315789473686 -3.0350877192982457 -3.017543859649123 -3 -2.982456140350877 -2.9649122807017543 -2.947368421052632 -2.9298245614035086 -2.912280701754386 -2.894736842105263 -2.8771929824561404 
-3.824561403508772 -3.736842105263158 -3.6491228070175437 -3.56140350877193 -3.473684210526316 -3.3859649122807016 -3.2982456140350878 -3.2105263157894735 -3.1228070175438596 -3.0350877192982457 -2.947368421052632 -2.9298245614035086 -2.912280701754386 -2.894736842105263 -2.8771929824561404 -2.8596491228070176 -2.8421052631578947 -2.824561403508772 -2.807017543859649 -2.7894736842105265 
-3.807017543859649 -3.719298245614035 -3.6315789473684212 -3.543859649122807 -3.456140350877193 -3.3684210526315788 -3.280701754385965 -3.192982456140351 -3.1052631578947367 -3.017543859649123 -2.9298245614035086 -2.8421052631578947 -2.824561403508772 -2.807017543859649 -2.7894736842105265 -2.7719298245614032 -2.754385964912281 -2.736842105263158 -2.719298245614035 -2.7017543859649122 
-3.7894736842105265 -3.7017543859649122 -3.6140350877192984 -3.526315789473684 -3.43859649122807 -3.3508771929824563 -3.263157894736842 -3.175438596491228 -3.087719298245614 -3 -2.912280701754386 -2.824561403508772 -2.736842105263158 -2.719298245614035 -2.7017543859649122 -2.6842105263157894 -2.666666666666667 -2.6491228070175437 -2.6315789473684212 -2.614035087719298 
-3.7719298245614037 -3.6842105263157894 -3.5964912280701755 -3.5087719298245617 -3.4210526315789473 -3.3333333333333335 -3.245614035087719 -3.1578947368421053 -3.0701754385964914 -2.982456140350877 -2.894736842105263 -2.807017543859649 -2.719298245614035 -2.6315789473684212 -2.614035087719298 -2.5964912280701755 -2.5789473684210527 -2.56140350877193 -2.543859649122807 -2.526315789473684 
-3.754385964912281 -3.6666666666666665 -3.5789473684210527 -3.4912280701754383 -3.4035087719298245 -3.3157894736842106 -3.2280701754385968 -3.1403508771929824 -3.0526315789473686 -2.9649122807017543 -2.8771929824561404 -2.7894736842105265 -2.7017543859649122 -2.614035087719298 -2.526315789473684 -2.5087719298245617 -2.4912280701754383 -2.473684210526316 -2.456140350877193 -2.43859649122807 
-3.736842105263158 -3.6491228070175437 -3.56140350877193 -3.473684210526316 -3.3859649122807016 -3.2982456140350878 -3.2105263157894735 -3.1228070175438596 -3.0350877192982457 -2.947368421052632 -2.8596491228070176 -2.7719298245614032 -2.6842105263157894 -2.5964912280701755 -2.5087719298245617 -2.4210526315789473 -2.4035087719298245 -2.385964912280702 -2.3684210526315788 -2.3508771929824563 
-3.719298245614035 -3.6315789473684212 -3.543859649122807 -3.456140350877193 -3.3684210526315788 -3.280701754385965 -3.192982456140351 -3.1052631578947367 -3.017543859649123 -2.9298245614035086 -2.8421052631578947 -2.754385964912281 -2.666666666666667 -2.5789473684210527 -2.4912280701754383 -2.4035087719298245 -2.3157894736842106 -2.2982456140350878 -2.280701754385965 -2.263157894736842 
-3.7017543859649122 -3.6140350877192984 -3.526315789473684 -3.43859649122807 -3.3508771929824563 -3.263157894736842 -3.175438596491228 -3.087719298245614 -3 -2.912280701754386 -2.824561403508772 -2.736842105263158 -2.6491228070175437 -2.56140350877193 -2.473684210526316 -2.385964912280702 -2.2982456140350878 -2.2105263157894735 -2.192982456140351 -2.175438596491228 
-3.6842105263157894 -3.5964912280701755 -3.5087719298245617 -3.4210526315789473 -3.3333333333333335 -3.245614035087719 -3.1578947368421053 -3.0701754385964914 -2.982456140350877 -2.894736842105263 -2.807017543859649 -2.719298245614035 -2.6315789473684212 -2.543859649122807 -2.456140350877193 -2.3684210526315788 -2.280701754385965 -2.192982456140351 -2.105263157894737 -2.087719298245614 
-3.6666666666666665 -3.5789473684210527 -3.4912280701754383 -3.4035087719298245 -3.3157894736842106 -3.2280701754385968 -3.1403508771929824 -3.0526315789473686 -2.9649122807017543 -2.8771929824561404 -2.7894736842105265 -2.7017543859649122 -2.614035087719298 -2.526315789473684 -2.43859649122807 -2.3508771929824563 -2.263157894736842 -2.175438596491228 -2.087719298245614 -2 

  1 | .  .  .  .  .  .  .  .  .  .  .  .  .  .  .  .  .  .  .  .  .  .  .  .  .  .  .  .  .  .  .  .  .  .  .  .  .  .  .  .  .  .  .  .  .  .  .  .  .  .  .  . 
  0 | .  o━━━━━━━━━━━━━━━━━━━━━━━━━━━━━━━━━━━━━━━━━━━━━━━━━━━━━━━━━━━━━━━━━━━━━━━━━━━━━━━━━━━━━━━━━━━━━━━━━━━━━━━━━━━━━━━━━━━━━━━━━━━━━━━━━━━━━━━━━━━━━━━━━━o  . 
 -1 | .  .  .  .  .  .  .  .  .  .  .  .  .  .  .  .  .  .  .  .  .  .  .  .  .  .  .  .  .  .  .  .  .  .  .  .  .  .  .  .  .  .  .  .  .  .  .  .  .  .  .  . 
----|------------------------------------------------------------------------------------------------------------------------------------------------------------
    | -1  0  1  2  3  4  5  6  7  8  9 10 11 12 13 14 15 16 17 18 19 20 21 22 23 24 25 26 27 28 29 30 31 32 33 34 35 36 37 38 39 40 41 42 43 44 45 46 47 48 49 50

START: 0
energy: 0
end_to_end: 0
temperature: 20
rog: 10412.5
END: 0
START: 1
energy: -3.754385964912281
end_to_end: 47
temperature: 20
rog: 10230.099999999999
END: 1
START: 2
energy: -3.754385964912281
end_to_end: 47
temperature: 20
rog: 10230.099999999999
END: 2
START: 3
energy: -3.754385964912281
end_to_end: 45.044422518220834
temperature: 20
rog: 10094.980000000003
END: 3
START: 4
energy: -6.859649122807017
end_to_end: 44.01136216933077
temperature: 20
rog: 10048.18000000001
END: 4
START: 5
energy: 0
end_to_end: 46.010868281309364
temperature: 20
rog: 10100.34
END: 5
START: 6
energy: 0
end_to_end: 45
temperature: 20
rog: 10015.699999999999
END: 6
START: 7
energy: 0
end_to_end: 46.010868281309364
temperature: 20
rog: 10145.46
END: 7
START: 8
energy: 0
end_to_end: 45
temperature: 20
rog: 10057.140000000001
END: 8
START: 9
energy: 0
end_to_end: 46.010868281309364
temperature: 20
rog: 10100.34
END: 9
START: 10
energy: 0
end_to_end: 46.09772228646444
temperature: 20
rog: 10230.34
END: 10
START: 11
energy: -3.1052631578947367
end_to_end: 46.010868281309364
temperature: 20
rog: 10230.1
END: 11
START: 12
energy: 0
end_to_end: 48.010415536631214
temperature: 20
rog: 10365.46
END: 12
START: 13
energy: 0
end_to_end: 47
temperature: 20
rog: 10273.3
END: 13
START: 14
energy: 0
end_to_end: 48.010415536631214
temperature: 20
rog: 10277.14
END: 14
START: 15
energy: -6.859649122807017
end_to_end: 44.01136216933077
temperature: 20
rog: 10048.5
END: 15
START: 16
energy: 0
end_to_end: 46.09772228646444
temperature: 20
rog: 10142.5
END: 16
START: 17
energy: -3.754385964912281
end_to_end: 46.010868281309364
temperature: 20
rog: 10183.3
END: 17
START: 18
energy: 0
end_to_end: 45.044422518220834
temperature: 20
rog: 9929.859999999999
END: 18
START: 19
energy: -6.4561403508771935
end_to_end: 43.04648650006177
temperature: 20
rog: 9718.419999999998
END: 19
START: 20
energy: -2.666666666666667
end_to_end: 43.18564576337837
temperature: 20
rog: 9565.54
END: 20
START: 21
energy: 0
end_to_end: 44.10215414239989
temperature: 20
rog: 9662.660000000002
END: 21
START: 22
energy: 0
end_to_end: 44.10215414239989
temperature: 20
rog: 9563.859999999999
END: 22
START: 23
energy: 0
end_to_end: 44.10215414239989
temperature: 20
rog: 9468.9
END: 23
START: 24
energy: -6.859649122807017
end_to_end: 42.1070065428546
temperature: 20
rog: 9359.699999999997
END: 24
START: 25
energy: -3.1052631578947367
end_to_end: 43.04648650006177
temperature: 20
rog: 9421.3
END: 25
START: 26
energy: -6.859649122807017
end_to_end: 41.048751503547585
temperature: 20
rog: 9363.7
END: 26
START: 27
energy: -3.754385964912281
end_to_end: 43.04648650006177
temperature: 20
rog: 9506.179999999998
END: 27
START: 28
energy: 0
end_to_end: 44.01136216933077
temperature: 19.862294185100986
rog: 9455.46
END: 28
START: 29
energy: -3.754385964912281
end_to_end: 44.01136216933077
temperature: 19.561239874579393
rog: 9592.9
END: 29
START: 30
energy: 0
end_to_end: 44.10215414239989
temperature: 19.26474866724412
rog: 9498.98
END: 30
START: 31
energy: 0
end_to_end: 45.17742799230607
temperature: 18.97275139979153
rog: 9617.859999999999
END: 31
START: 32
energy: 0
end_to_end: 45.17742799230607
temperature: 18.685179957231465
rog: 9587.140000000001
END: 32
START: 33
energy: 0
end_to_end: 46.09772228646444
temperature: 18.401967256997885
rog: 9662.500000000004
END: 33
START: 34
energy: -3.1052631578947367
end_to_end: 45.044422518220834
temperature: 18.123047233300316
rog: 9519.3
END: 34
START: 35
energy: -3.1052631578947367
end_to_end: 43.18564576337837
temperature: 17.84835482171253
rog: 9340.9
END: 35
START: 36
energy: 0
end_to_end: 45.17742799230607
temperature: 17.577825943994767
rog: 9455.140000000001
END: 36
START: 37
energy: -3.719298245614035
end_to_end: 43.18564576337837
temperature: 17.311397493146053
rog: 9098.180000000004
END: 37
START: 38
energy: -3.1052631578947367
end_to_end: 43.04648650006177
temperature: 17.04900731868304
rog: 9096.42
END: 38
START: 39
energy: -7.473684210526315
end_to_end: 40.01249804748511
temperature: 16.790594212142018
rog: 8949.06
END: 39
START: 40
energy: 0
end_to_end: 41
temperature: 16.53609789280062
rog: 8760.18
END: 40
START: 41
energy: -6.87719298245614
end_to_end: 39
temperature: 16.285458993616004
rog: 8610.34
END: 41
START: 42
energy: -6.9298245614035086
end_to_end: 40.01249804748511
temperature: 16.038619047376137
rog: 8591.699999999999
END: 42
START: 43
energy: -10.385964912280702
end_to_end: 38.01315561749642
temperature: 15.795520473060979
rog: 8430.34
END: 43
START: 44
energy: -6.859649122807017
end_to_end: 38.01315561749642
temperature: 15.556106562410411
rog: 8401.86
END: 44
START: 45
energy: -3.1052631578947367
end_to_end: 37
temperature: 15.320321466695745
rog: 8289.54
END: 45
START: 46
energy: -3.1052631578947367
end_to_end: 39
temperature: 15.088110183691745
rog: 8451.86
END: 46
START: 47
energy: -3.1052631578947367
end_to_end: 37
temperature: 14.859418544846095
rog: 8301.380000000001
END: 47
START: 48
energy: -3.824561403508772
end_to_end: 40.01249804748511
temperature: 14.63419320264338
rog: 8419.54
END: 48
START: 49
energy: 0
end_to_end: 40.01249804748511
temperature: 14.412381618160538
rog: 8317.860000000002
END: 49
START: 50
energy: -3.526315789473684
end_to_end: 38.01315561749642
temperature: 14.193932048810986
rog: 8273.139999999998
END: 50
START: 51
energy: -3.526315789473684
end_to_end: 36.013886210738214
temperature: 13.97879353627448
rog: 8135.059999999999
END: 51
START: 52
energy: -7.4035087719298245
end_to_end: 38.01315561749642
temperature: 13.766915894609925
rog: 8102.420000000001
END: 52
START: 53
energy: -2.7017543859649122
end_to_end: 38.01315561749642
temperature: 13.55824969854837
rog: 8057.7800000000025
END: 53
START: 54
energy: -2.7017543859649122
end_to_end: 39.05124837953327
temperature: 13.352746271963447
rog: 8147.94
END: 54
START: 55
energy: -3.43859649122807
end_to_end: 38.118237105091836
temperature: 13.150357676516547
rog: 8044.660000000001
END: 55
START: 56
energy: -7.508771929824562
end_to_end: 37.05401462729781
temperature: 12.951036700474125
rog: 7924.499999999999
END: 56
START: 57
energy: -13.210526315789473
end_to_end: 37
temperature: 12.754736847694494
rog: 7923.780000000001
END: 57
START: 58
energy: -13.210526315789473
end_to_end: 37
temperature: 12.561412326781527
rog: 7913.22
END: 58
START: 59
energy: -12.578947368421051
end_to_end: 37
temperature: 12.371018040402802
rog: 7882.260000000001
END: 59
START: 60
energy: -8.929824561403509
end_to_end: 37
temperature: 12.183509574769595
rog: 7867.22
END: 60
START: 61
energy: -12.807017543859649
end_to_end: 36.013886210738214
temperature: 11.99884318927638
rog: 7865.380000000001
END: 61
START: 62
energy: -2.7017543859649122
end_to_end: 38.01315561749642
temperature: 11.816975806297329
rog: 7840.660000000002
END: 62
START: 63
energy: -12.684210526315788
end_to_end: 37
temperature: 11.637865001137483
rog: 7774.660000000001
END: 63
START: 64
energy: -2.7017543859649122
end_to_end: 38.118237105091836
temperature: 11.46146899213622
rog: 8012.099999999999
END: 64
START: 65
energy: -2.7017543859649122
end_to_end: 38.118237105091836
temperature: 11.287746630920743
rog: 7967.459999999999
END: 65
START: 66
energy: -2.7017543859649122
end_to_end: 37.05401462729781
temperature: 11.116657392807287
rog: 7983.699999999999
END: 66
START: 67
energy: -9.280701754385966
end_to_end: 36.124783736376884
temperature: 10.948161367347812
rog: 7971.380000000001
END: 67
START: 68
energy: -13.140350877192983
end_to_end: 35.05709628591621
temperature: 10.78221924901999
rog: 7958.5
END: 68
START: 69
energy: -13.140350877192983
end_to_end: 35.05709628591621
temperature: 10.618792328058298
rog: 7838.020000000001
END: 69
START: 70
energy: -5.842105263157895
end_to_end: 36.124783736376884
temperature: 10.45784248142409
rog: 7867.859999999999
END: 70
START: 71
energy: 0
end_to_end: 36.124783736376884
temperature: 10.299332163912519
rog: 7857.1399999999985
END: 71
START: 72
energy: -14.087719298245615
end_to_end: 36.013886210738214
temperature: 10.14322439939429
rog: 7793.0599999999995
END: 72
START: 73
energy: -14.070175438596491
end_to_end: 35
temperature: 9.989482772190115
rog: 7872.9
END: 73
START: 74
energy: -14.087719298245615
end_to_end: 34.0147027033899
temperature: 9.838071418575945
rog: 7768.099999999999
END: 74
START: 75
energy: -18.05263157894737
end_to_end: 34.0147027033899
temperature: 9.68895501841693
rog: 7613.539999999999
END: 75
START: 76
energy: -18.05263157894737
end_to_end: 34.0147027033899
temperature: 9.54209878692821
rog: 7659.0599999999995
END: 76
START: 77
energy: -17.68421052631579
end_to_end: 34.0147027033899
temperature: 9.397468466560564
rog: 7715.299999999999
END: 77
START: 78
energy: -3.754385964912281
end_to_end: 34.132096331752024
temperature: 9.255030319009062
rog: 7749.940000000001
END: 78
START: 79
energy: -7.403508771929825
end_to_end: 37.05401462729781
temperature: 9.114751117342836
rog: 7774.02
END: 79
START: 80
energy: -10.473684210526315
end_to_end: 35.05709628591621
temperature: 8.976598138254149
rog: 7714.26
END: 80
START: 81
energy: -6.87719298245614
end_to_end: 36.013886210738214
temperature: 8.840539154424945
rog: 7752.0199999999995
END: 81
START: 82
energy: -6.87719298245614
end_to_end: 36.013886210738214
temperature: 8.70654242700909
rog: 7726.66
END: 82
START: 83
energy: -3.1228070175438596
end_to_end: 36.013886210738214
temperature: 8.574576698228556
rog: 7800.100000000002
END: 83
START: 84
energy: -6.771929824561404
end_to_end: 37.05401462729781
temperature: 8.444611184081852
rog: 7809.78
END: 84
START: 85
energy: 0
end_to_end: 38.118237105091836
temperature: 8.316615567162952
rog: 7704.02
END: 85
START: 86
energy: -2.7017543859649122
end_to_end: 37.21558813185679
temperature: 8.190559989589064
rog: 7626.9000000000015
END: 86
START: 87
energy: -2.7017543859649122
end_to_end: 37.21558813185679
temperature: 8.066415046035612
rog: 7642.0999999999985
END: 87
START: 88
energy: -6.087719298245614
end_to_end: 35.22782990761707
temperature: 7.944151776876761
rog: 7380.9800000000005
END: 88
START: 89
energy: -3.3859649122807016
end_to_end: 37.21558813185679
temperature: 7.82374166142995
rog: 7561.699999999999
END: 89
START: 90
energy: 0
end_to_end: 37.21558813185679
temperature: 7.705156611302775
rog: 7667.78
END: 90
START: 91
energy: -6.4561403508771935
end_to_end: 37.05401462729781
temperature: 7.58836896384075
rog: 7491.379999999999
END: 91
START: 92
energy: -6.4561403508771935
end_to_end: 37.05401462729781
temperature: 7.473351475674343
rog: 7459.060000000001
END: 92
START: 93
energy: -2.7017543859649122
end_to_end: 38.118237105091836
temperature: 7.360077316363868
rog: 7442.1
END: 93
START: 94
energy: -3.736842105263158
end_to_end: 39.05124837953327
temperature: 7.2485200621406545
rog: 7652.5
END: 94
START: 95
energy: -7.508771929824562
end_to_end: 38.01315561749642
temperature: 7.138653689743123
rog: 7581.540000000001
END: 95
START: 96
energy: -7.508771929824562
end_to_end: 38.01315561749642
temperature: 7.0304525703462435
rog: 7580.5
END: 96
START: 97
energy: -7.508771929824562
end_to_end: 38.01315561749642
temperature: 6.9238914635830575
rog: 7732.499999999999
END: 97
START: 98
energy: -11.263157894736842
end_to_end: 36.013886210738214
temperature: 6.818945511656772
rog: 7764.500000000001
END: 98
START: 99
energy: -7.508771929824562
end_to_end: 37.05401462729781
temperature: 6.715590233542122
rog: 7728.1
END: 99
START: 100
energy: -7.508771929824562
end_to_end: 38.01315561749642
temperature: 6.613801519274606
rog: 7909.06
END: 100
START: 101
energy: -7.508771929824562
end_to_end: 38.01315561749642
temperature: 6.5135556243263055
rog: 7973.540000000003
END: 101
START: 102
energy: -3.736842105263158
end_to_end: 40.01249804748511
temperature: 6.41482916406692
rog: 8055.38
END: 102
START: 103
energy: -3.719298245614035
end_to_end: 41.048751503547585
temperature: 6.31759910830878
rog: 8374.5
END: 103
START: 104
energy: -6.87719298245614
end_to_end: 41.048751503547585
temperature: 6.221842775934526
rog: 8354.500000000002
END: 104
START: 105
energy: -6.87719298245614
end_to_end: 40.01249804748511
temperature: 6.127537829606231
rog: 8302.5
END: 105
START: 106
energy: -10.631578947368421
end_to_end: 40.01249804748511
temperature: 6.034662270554709
rog: 8244.1
END: 106
START: 107
energy: -14.385964912280702
end_to_end: 38.01315561749642
temperature: 5.9431944334477915
rog: 8106.500000000001
END: 107
START: 108
energy: -14.385964912280702
end_to_end: 38.01315561749642
temperature: 5.853112981336406
rog: 8098.500000000002
END: 108
START: 109
energy: -10.631578947368421
end_to_end: 38.01315561749642
temperature: 5.764396900677256
rog: 8138.899999999999
END: 109
START: 110
energy: 0
end_to_end: 42.01190307520001
temperature: 5.677025496430915
rog: 8222.5
END: 110
START: 111
energy: 0
end_to_end: 42.1070065428546
temperature: 5.590978387234257
rog: 8352.34
END: 111
START: 112
energy: 0
end_to_end: 42.1070065428546
temperature: 5.506235500646034
rog: 8393.3
END: 112
START: 113
energy: 0
end_to_end: 42.1070065428546
temperature: 5.422777068464522
rog: 8379.300000000001
END: 113
START: 114
energy: 0
end_to_end: 42.01190307520001
temperature: 5.34058362211614
rog: 8286.1
END: 114
START: 115
energy: 0
end_to_end: 41
temperature: 5.259635988113963
rog: 8244.5
END: 115
START: 116
energy: -3.1052631578947367
end_to_end: 40.01249804748511
temperature: 5.17991528358508
rog: 8283.619999999999
END: 116
START: 117
energy: -3.1052631578947367
end_to_end: 39
temperature: 5.101402911865719
rog: 8059.7000000000035
END: 117
START: 118
energy: 0
end_to_end: 40.01249804748511
temperature: 5.024080558163164
rog: 7853.299999999999
END: 118
START: 119
energy: -3.1052631578947367
end_to_end: 38.01315561749642
temperature: 4.947930185283412
rog: 7765.3
END: 119
START: 120
energy: -3.754385964912281
end_to_end: 40.01249804748511
temperature: 4.872934029423591
rog: 7713.620000000001
END: 120
START: 121
energy: -7.157894736842106
end_to_end: 40.01249804748511
temperature: 4.799074596028139
rog: 7641.380000000001
END: 121
START: 122
energy: -3.4035087719298245
end_to_end: 41
temperature: 4.726334655707817
rog: 7690.58
END: 122
START: 123
energy: 0
end_to_end: 39
temperature: 4.654697240220548
rog: 7590.1
END: 123
START: 124
energy: 0
end_to_end: 38.01315561749642
temperature: 4.5841456385132044
rog: 7353.06
END: 124
START: 125
energy: -6.859649122807017
end_to_end: 36.013886210738214
temperature: 4.514663392823358
rog: 7299.379999999999
END: 125
START: 126
energy: -10.263157894736842
end_to_end: 36.013886210738214
temperature: 4.4462342948401545
rog: 7355.459999999999
END: 126
START: 127
energy: -10.263157894736842
end_to_end: 36.013886210738214
temperature: 4.378842381923335
rog: 7294.9000000000015
END: 127
START: 128
energy: -10.017543859649123
end_to_end: 37.05401462729781
temperature: 4.312471933379607
rog: 7190.5
END: 128
START: 129
energy: -10.263157894736842
end_to_end: 36.013886210738214
temperature: 4.24710746679542
rog: 7182.500000000001
END: 129
START: 130
energy: -10.263157894736842
end_to_end: 36.013886210738214
temperature: 4.182733734425353
rog: 7047.0599999999995
END: 130
START: 131
energy: -10.263157894736842
end_to_end: 36.013886210738214
temperature: 4.11933571963523
rog: 7184.5
END: 131
START: 132
energy: -6.508771929824561
end_to_end: 36.013886210738214
temperature: 4.056898633399139
rog: 7134.1
END: 132
START: 133
energy: -6.508771929824561
end_to_end: 36.013886210738214
temperature: 3.9954079108495693
rog: 7125.620000000001
END: 133
START: 134
energy: -6.508771929824561
end_to_end: 36.013886210738214
temperature: 3.93484920787982
rog: 7235.539999999999
END: 134
START: 135
energy: -3.1052631578947367
end_to_end: 37
temperature: 3.8752083977979064
rog: 7160.0199999999995
END: 135
START: 136
energy: -6.56140350877193
end_to_end: 37
temperature: 3.8164715680312
rog: 7054.66
END: 136
START: 137
energy: -6.859649122807017
end_to_end: 35
temperature: 3.758625016880993
rog: 6951.300000000001
END: 137
START: 138
energy: -6.859649122807017
end_to_end: 35
temperature: 3.701655250326275
rog: 6962.9
END: 138
START: 139
energy: -3.1052631578947367
end_to_end: 36.013886210738214
temperature: 3.6455489788759454
rog: 7082.500000000001
END: 139
START: 140
energy: -3.1052631578947367
end_to_end: 36.013886210738214
temperature: 3.5902931144687273
rog: 6877.459999999999
END: 140
START: 141
energy: -6.87719298245614
end_to_end: 36.013886210738214
temperature: 3.5358747674200974
rog: 6941.460000000001
END: 141
START: 142
energy: -3.1052631578947367
end_to_end: 34.0147027033899
temperature: 3.4822812434154624
rog: 6890.0199999999995
END: 142
START: 143
energy: -3.1052631578947367
end_to_end: 35.05709628591621
temperature: 3.4295000405489215
rog: 6863.459999999999
END: 143
START: 144
energy: -10.035087719298247
end_to_end: 35.05709628591621
temperature: 3.3775188464069235
rog: 6903.619999999998
END: 144
START: 145
energy: -10.035087719298247
end_to_end: 36.013886210738214
temperature: 3.3263255351961036
rog: 6921.619999999998
END: 145
START: 146
energy: -10.035087719298247
end_to_end: 36.013886210738214
temperature: 3.2759081649146795
rog: 6772.9
END: 146
START: 147
energy: -10.035087719298247
end_to_end: 37
temperature: 3.2262549745666966
rog: 6976.500000000001
END: 147
START: 148
energy: -10.035087719298247
end_to_end: 35
temperature: 3.177354381418519
rog: 6905.46
END: 148
START: 149
energy: -10.175438596491228
end_to_end: 36.013886210738214
temperature: 3.1291949782968866
rog: 6883.86
END: 149
START: 150
energy: -13.929824561403509
end_to_end: 35
temperature: 3.08176553092794
rog: 6813.14
END: 150
START: 151
energy: -10.771929824561402
end_to_end: 37
temperature: 3.0350549753165614
rog: 6913.9400000000005
END: 151
START: 152
energy: -3.719298245614035
end_to_end: 38.01315561749642
temperature: 2.9890524151654554
rog: 7080.500000000001
END: 152
START: 153
energy: -6.421052631578947
end_to_end: 39.05124837953327
temperature: 2.943747119333339
rog: 7098.0999999999985
END: 153
START: 154
energy: -8.982456140350878
end_to_end: 39.05124837953327
temperature: 2.8991285193316534
rog: 6916.18
END: 154
START: 155
energy: -8.982456140350878
end_to_end: 39.05124837953327
temperature: 2.855186206859232
rog: 6953.78
END: 155
START: 156
energy: -8.982456140350878
end_to_end: 38.01315561749642
temperature: 2.811909931374321
rog: 6982.100000000001
END: 156
START: 157
energy: -11.771929824561402
end_to_end: 39.05124837953327
temperature: 2.7692895977034153
rog: 6973.299999999999
END: 157
START: 158
energy: -12.210526315789474
end_to_end: 37.05401462729781
temperature: 2.7273152636863203
rog: 6847.540000000001
END: 158
START: 159
energy: -12.210526315789474
end_to_end: 37.05401462729781
temperature: 2.6859771378569284
rog: 6949.54
END: 159
START: 160
energy: -15.947368421052632
end_to_end: 37.05401462729781
temperature: 2.645265577159129
rog: 6944.260000000001
END: 160
START: 161
energy: -6.859649122807017
end_to_end: 37.05401462729781
temperature: 2.6051710846973517
rog: 6980.740000000001
END: 161
START: 162
energy: -9.421052631578947
end_to_end: 37.05401462729781
temperature: 2.5656843075211953
rog: 6812.8200000000015
END: 162
START: 163
energy: -9.017543859649123
end_to_end: 37.05401462729781
temperature: 2.5267960344436444
rog: 6834.419999999999
END: 163
START: 164
energy: -9.017543859649123
end_to_end: 37
temperature: 2.4884971938923477
rog: 6840.66
END: 164
START: 165
energy: -6.4561403508771935
end_to_end: 37
temperature: 2.4507788517934714
rog: 6838.419999999998
END: 165
START: 166
energy: -9.017543859649123
end_to_end: 37
temperature: 2.4136322094876173
rog: 6828.259999999998
END: 166
START: 167
energy: -12.12280701754386
end_to_end: 36.013886210738214
temperature: 2.3770486016773438
rog: 6728.899999999996
END: 167
START: 168
energy: -9.421052631578947
end_to_end: 36.013886210738214
temperature: 2.341019494405784
rog: 6646.740000000001
END: 168
START: 169
energy: -13.298245614035087
end_to_end: 36.013886210738214
temperature: 2.3055364830659055
rog: 6726.180000000001
END: 169
START: 170
energy: -13.140350877192981
end_to_end: 36.013886210738214
temperature: 2.2705912904399486
rog: 6689.06
END: 170
START: 171
energy: -13.140350877192981
end_to_end: 36.013886210738214
temperature: 2.236175764768573
rog: 6736.02
END: 171
START: 172
energy: -9.3859649122807
end_to_end: 38.01315561749642
temperature: 2.2022818778492828
rog: 6833.860000000001
END: 172
START: 173
energy: -9.3859649122807
end_to_end: 36.124783736376884
temperature: 2.1689017231636556
rog: 6806.66
END: 173
START: 174
energy: -10.578947368421051
end_to_end: 34.132096331752024
temperature: 2.136027514032974
rog: 6652.18
END: 174
START: 175
energy: -6.859649122807017
end_to_end: 34.132096331752024
temperature: 2.103651581801807
rog: 6747.94
END: 175
START: 176
energy: -6.859649122807017
end_to_end: 34.132096331752024
temperature: 2.071766374049115
rog: 6726.260000000001
END: 176
START: 177
energy: -10.578947368421051
end_to_end: 34.132096331752024
temperature: 2.040364452826489
rog: 6738.660000000001
END: 177
START: 178
energy: -10.578947368421051
end_to_end: 34.132096331752024
temperature: 2.0094384929230658
rog: 6783.3
END: 178
START: 179
energy: -10.578947368421051
end_to_end: 34.132096331752024
temperature: 1.9789812801567626
rog: 6742.020000000001
END: 179
START: 180
energy: -10.578947368421051
end_to_end: 34.132096331752024
temperature: 1.9489857096914116
rog: 6758.020000000001
END: 180
START: 181
energy: -6.824561403508771
end_to_end: 35.22782990761707
temperature: 1.9194447843793847
rog: 6870.499999999999
END: 181
START: 182
energy: -10.578947368421051
end_to_end: 34.132096331752024
temperature: 1.8903516131293554
rog: 6797.299999999999
END: 182
START: 183
energy: -10.578947368421051
end_to_end: 34.132096331752024
temperature: 1.8616994092987962
rog: 6833.7
END: 183
START: 184
energy: -10.578947368421051
end_to_end: 34.132096331752024
temperature: 1.8334814891108395
rog: 6763.14
END: 184
START: 185
energy: -10.578947368421051
end_to_end: 34.132096331752024
temperature: 1.8056912700951318
rog: 6898.499999999999
END: 185
START: 186
energy: -10.578947368421051
end_to_end: 34.132096331752024
temperature: 1.778322269552329
rog: 6902.500000000001
END: 186
START: 187
energy: -10.578947368421051
end_to_end: 34.132096331752024
temperature: 1.7513681030418522
rog: 6834.500000000001
END: 187
START: 188
energy: -10.578947368421051
end_to_end: 34.132096331752024
temperature: 1.724822482892581
rog: 6778.1
END: 188
START: 189
energy: -3.754385964912281
end_to_end: 35.22782990761707
temperature: 1.6986792167361031
rog: 6848.740000000001
END: 189
START: 190
energy: -3.754385964912281
end_to_end: 35.22782990761707
temperature: 1.672932206062207
rog: 6854.660000000002
END: 190
START: 191
energy: -6.859649122807017
end_to_end: 34.132096331752024
temperature: 1.6475754447962698
rog: 6817.54
END: 191
START: 192
energy: -6.859649122807017
end_to_end: 34.132096331752024
temperature: 1.6226030178981976
rog: 6853.620000000002
END: 192
START: 193
energy: -6.859649122807017
end_to_end: 36.013886210738214
temperature: 1.598009099982611
rog: 6961.700000000001
END: 193
START: 194
energy: -7.473684210526315
end_to_end: 35
temperature: 1.5737879539599446
rog: 6891.619999999998
END: 194
START: 195
energy: -7.473684210526315
end_to_end: 36.013886210738214
temperature: 1.549933929698135
rog: 6971.38
END: 195
START: 196
energy: -3.719298245614035
end_to_end: 36.013886210738214
temperature: 1.5264414627046032
rog: 6988.660000000001
END: 196
START: 197
energy: -7.473684210526315
end_to_end: 36.013886210738214
temperature: 1.5033050728282111
rog: 7013.859999999998
END: 197
START: 198
energy: -3.719298245614035
end_to_end: 37.05401462729781
temperature: 1.4805193629808857
rog: 7085.060000000001
END: 198
START: 199
energy: -3.719298245614035
end_to_end: 36.013886210738214
temperature: 1.4580790178786363
rog: 6955.7
END: 199
START: 200
energy: -3.719298245614035
end_to_end: 37.05401462729781
temperature: 1.435978802801633
rog: 6950.019999999998
END: 200
START: 201
energy: -7.473684210526315
end_to_end: 36.013886210738214
temperature: 1.414213562373095
rog: 6964.9
END: 201
START: 202
energy: -7.473684210526315
end_to_end: 37
temperature: 1.3927782193566831
rog: 6986.9
END: 202
START: 203
energy: -10.175438596491228
end_to_end: 37
temperature: 1.3716677734721168
rog: 6946.0999999999985
END: 203
START: 204
energy: -10.175438596491228
end_to_end: 36.013886210738214
temperature: 1.350877300228744
rog: 7000.9000000000015
END: 204
START: 205
energy: -10.175438596491228
end_to_end: 37
temperature: 1.3304019497767963
rog: 6984.499999999999
END: 205
START: 206
energy: -10.175438596491228
end_to_end: 37
temperature: 1.310236945776046
rog: 7004.02
END: 206
START: 207
energy: -13.701754385964911
end_to_end: 37
temperature: 1.2903775842816214
rog: 7003.700000000001
END: 207
START: 208
energy: -13.701754385964911
end_to_end: 37
temperature: 1.2708192326467023
rog: 6980.2599999999975
END: 208
START: 209
energy: -10.175438596491228
end_to_end: 37
temperature: 1.251557328441848
rog: 7026.419999999999
END: 209
START: 210
energy: -10.175438596491228
end_to_end: 36.013886210738214
temperature: 1.2325873783907138
rog: 7038.420000000001
END: 210
START: 211
energy: -10.175438596491228
end_to_end: 37
temperature: 1.2139049573218839
rog: 7115.7
END: 211
START: 212
energy: -6.4561403508771935
end_to_end: 37
temperature: 1.1955057071366049
rog: 6977.539999999999
END: 212
START: 213
energy: -6.859649122807017
end_to_end: 37
temperature: 1.1773853357921602
rog: 7060.42
END: 213
START: 214
energy: -6.859649122807017
end_to_end: 37
temperature: 1.159539616300651
rog: 7138.740000000001
END: 214
START: 215
energy: -6.859649122807017
end_to_end: 37
temperature: 1.1419643857429584
rog: 7140.979999999997
END: 215
START: 216
energy: -5.807017543859649
end_to_end: 37
temperature: 1.1246555442976465
rog: 7099.300000000001
END: 216
START: 217
energy: -11.631578947368421
end_to_end: 36.013886210738214
temperature: 1.1076090542845853
rog: 7098.82
END: 217
START: 218
energy: -8.929824561403509
end_to_end: 37
temperature: 1.0908209392230706
rog: 7072.499999999998
END: 218
START: 219
energy: -9.263157894736842
end_to_end: 37
temperature: 1.0742872829042225
rog: 6944.100000000001
END: 219
START: 220
energy: -12.982456140350877
end_to_end: 37
temperature: 1.0580042284774358
rog: 6959.3
END: 220
START: 221
energy: -12.24561403508772
end_to_end: 36.013886210738214
temperature: 1.0419679775506858
rog: 6914.820000000001
END: 221
START: 222
energy: -14.94736842105263
end_to_end: 36.013886210738214
temperature: 1.026174789304466
rog: 6923.299999999999
END: 222
START: 223
energy: -14.94736842105263
end_to_end: 35.05709628591621
temperature: 1.0106209796191563
rog: 6850.8200000000015
END: 223
START: 224
energy: -14.94736842105263
end_to_end: 35.05709628591621
temperature: 0.9953029202156195
rog: 6797.699999999997
END: 224
START: 225
energy: -14.94736842105263
end_to_end: 36.013886210738214
temperature: 0.9802170378088225
rog: 6847.8600000000015
END: 225
START: 226
energy: -12.24561403508772
end_to_end: 35.05709628591621
temperature: 0.9653598132742864
rog: 6817.38
END: 226
START: 227
energy: -14.94736842105263
end_to_end: 35.05709628591621
temperature: 0.9507277808271715
rog: 6774.019999999999
END: 227
START: 228
energy: -14.94736842105263
end_to_end: 35.05709628591621
temperature: 0.9363175272138028
rog: 6832.500000000001
END: 228
START: 229
energy: -14.94736842105263
end_to_end: 36.013886210738214
temperature: 0.9221256909154516
rog: 6918.419999999997
END: 229
START: 230
energy: -14.94736842105263
end_to_end: 36.013886210738214
temperature: 0.908148961364188
rog: 6978.420000000001
END: 230
START: 231
energy: -12.24561403508772
end_to_end: 35.05709628591621
temperature: 0.89438407817061
rog: 6991.3
END: 231
START: 232
energy: -14.94736842105263
end_to_end: 36.013886210738214
temperature: 0.880827830363289
rog: 7005.459999999998
END: 232
START: 233
energy: -14.94736842105263
end_to_end: 36.013886210738214
temperature: 0.8674770556397344
rog: 6926.100000000001
END: 233
START: 234
energy: -14.94736842105263
end_to_end: 36.013886210738214
temperature: 0.8543286396287167
rog: 6940.9800000000005
END: 234
START: 235
energy: -14.94736842105263
end_to_end: 35.05709628591621
temperature: 0.8413795151637696
rog: 6919.86
END: 235
START: 236
energy: -15.684210526315788
end_to_end: 35.05709628591621
temperature: 0.828626661567702
rog: 6814.02
END: 236
START: 237
energy: -15.684210526315788
end_to_end: 35.05709628591621
temperature: 0.816067103947958
rog: 6797.06
END: 237
START: 238
energy: -15.684210526315788
end_to_end: 36.013886210738214
temperature: 0.8036979125026571
rog: 6826.8200000000015
END: 238
START: 239
energy: -15.684210526315788
end_to_end: 36.013886210738214
temperature: 0.7915162018371479
rog: 6834.820000000001
END: 239
START: 240
energy: -15.684210526315788
end_to_end: 35.05709628591621
temperature: 0.7795191302909262
rog: 6729.22
END: 240
START: 241
energy: -12.982456140350877
end_to_end: 37
temperature: 0.7677038992747549
rog: 6788.5
END: 241
START: 242
energy: -12.982456140350877
end_to_end: 37
temperature: 0.756067752617826
rog: 6820.259999999998
END: 242
START: 243
energy: -12.982456140350877
end_to_end: 37
temperature: 0.7446079759248242
rog: 6760.339999999999
END: 243
START: 244
energy: -12.982456140350877
end_to_end: 36.013886210738214
temperature: 0.7333218959427302
rog: 6862.499999999999
END: 244
START: 245
energy: -12.982456140350877
end_to_end: 36.013886210738214
temperature: 0.7222068799372262
rog: 6844.099999999999
END: 245
START: 246
energy: -15.684210526315788
end_to_end: 36.013886210738214
temperature: 0.7112603350785491
rog: 6967.700000000001
END: 246
START: 247
energy: -15.684210526315788
end_to_end: 36.013886210738214
temperature: 0.7004797078366545
rog: 6948.819999999999
END: 247
START: 248
energy: -15.684210526315788
end_to_end: 35.05709628591621
temperature: 0.6898624833855473
rog: 6887.219999999999
END: 248
START: 249
energy: -15.684210526315788
end_to_end: 36.013886210738214
temperature: 0.6794061850166442
rog: 6949.539999999999
END: 249
START: 250
energy: -15.684210526315788
end_to_end: 36.013886210738214
temperature: 0.669108373561021
rog: 7038.02
END: 250
START: 251
energy: -15.684210526315788
end_to_end: 35.05709628591621
temperature: 0.6589666468204243
rog: 6970.100000000001
END: 251
START: 252
energy: -15.684210526315788
end_to_end: 35.05709628591621
temperature: 0.6489786390069028
rog: 6966.18
END: 252
START: 253
energy: -15.684210526315788
end_to_end: 36.013886210738214
temperature: 0.6391420201909344
rog: 6966.099999999999
END: 253
START: 254
energy: -15.684210526315788
end_to_end: 36.013886210738214
temperature: 0.6294544957579163
rog: 7028.419999999999
END: 254
START: 255
energy: -15.684210526315788
end_to_end: 36.013886210738214
temperature: 0.6199138058728949
rog: 6859.22
END: 255
START: 256
energy: -15.684210526315788
end_to_end: 35.05709628591621
temperature: 0.6105177249534068
rog: 6794.259999999999
END: 256
START: 257
energy: -15.684210526315788
end_to_end: 36.013886210738214
temperature: 0.6012640611503137
rog: 6941.3
END: 257
START: 258
energy: -15.684210526315788
end_to_end: 36.013886210738214
temperature: 0.5921506558365006
rog: 6910.74
END: 258
START: 259
energy: -15.684210526315788
end_to_end: 36.013886210738214
temperature: 0.5831753831033287
rog: 6995.06
END: 259
START: 260
energy: -15.684210526315788
end_to_end: 36.013886210738214
temperature: 0.5743361492647207
rog: 6992.1
END: 260
START: 261
